1	0.11716171617161716
2	0.08415841584158416
3	0.19141914191419143
4	0.2376237623762376
5	0.27722772277227725
6	0.3184818481848185
7	0.37458745874587457
8	0.40264026402640263
9	0.43234323432343236
10	0.466996699669967
11	0.5066006600660066
12	0.5297029702970297
13	0.5610561056105611
14	0.5676567656765676
15	0.5693069306930693
16	0.5742574257425742
17	0.6023102310231023
18	0.6039603960396039
19	0.6171617161716172
20	0.6402640264026402
21	0.6716171617161716
22	0.6897689768976898
23	0.6914191419141914
24	0.6897689768976898
25	0.7029702970297029
26	0.6765676567656765
27	0.7211221122112211
28	0.7062706270627063
29	0.7442244224422442
30	0.7541254125412541
31	0.7739273927392739
32	0.7788778877887789
33	0.7838283828382838
34	0.7788778877887789
35	0.7986798679867987
36	0.8151815181518152
37	0.8250825082508251
38	0.8003300330033003
39	0.7986798679867987
40	0.8333333333333334
41	0.806930693069307
42	0.801980198019802
43	0.834983498349835
44	0.8316831683168316
45	0.8118811881188119
46	0.8382838283828383
47	0.8217821782178217
48	0.8267326732673267
49	0.8399339933993399
50	0.8481848184818482
51	0.8465346534653465
52	0.8267326732673267
53	0.834983498349835
54	0.858085808580858
55	0.8729372937293729
56	0.8696369636963697
57	0.8712871287128713
58	0.8547854785478548
59	0.8564356435643564
60	0.8729372937293729
61	0.8745874587458746
62	0.8894389438943895
63	0.8844884488448845
64	0.8844884488448845
65	0.8679867986798679
66	0.8663366336633663
67	0.8960396039603961
68	0.8795379537953796
69	0.8795379537953796
70	0.9075907590759076
71	0.905940594059406
72	0.9042904290429042
73	0.9075907590759076
74	0.905940594059406
75	0.9092409240924092
76	0.8894389438943895
77	0.9026402640264026
78	0.905940594059406
79	0.9141914191419142
80	0.9306930693069307
81	0.9306930693069307
82	0.9224422442244224
83	0.929042904290429
84	0.9504950495049505
85	0.9438943894389439
86	0.933993399339934
87	0.933993399339934
88	0.9471947194719472
89	0.9554455445544554
90	0.9438943894389439
91	0.9471947194719472
92	0.9537953795379538
93	0.9455445544554455
94	0.9504950495049505
95	0.9356435643564357
96	0.9504950495049505
97	0.9488448844884488
98	0.9603960396039604
99	0.9603960396039604
100	0.971947194719472
101	0.971947194719472
102	0.9818481848184818
103	0.971947194719472
104	0.971947194719472
105	0.9653465346534653
106	0.9686468646864687
107	0.9603960396039604
108	0.9653465346534653
109	0.9735973597359736
110	0.9818481848184818
111	0.976897689768977
112	0.9801980198019802
113	0.9785478547854786
114	0.9851485148514851
115	0.9851485148514851
116	0.9884488448844885
117	0.9851485148514851
118	0.9867986798679867
119	0.9785478547854786
120	0.9900990099009901
121	0.9834983498349835
122	0.9867986798679867
123	0.9900990099009901
124	0.9917491749174917
125	0.9834983498349835
126	0.9818481848184818
127	0.9834983498349835
128	0.9884488448844885
129	0.9900990099009901
130	0.9917491749174917
131	0.9867986798679867
132	0.9917491749174917
133	0.9834983498349835
134	0.9884488448844885
135	0.9933993399339934
136	0.9966996699669967
137	0.995049504950495
138	0.9917491749174917
139	0.9917491749174917
140	0.9933993399339934
141	0.9851485148514851
142	0.9900990099009901
143	0.9933993399339934
144	0.9917491749174917
145	0.9900990099009901
146	0.9933993399339934
147	0.9917491749174917
148	0.9917491749174917
149	0.995049504950495
150	0.9983498349834984
151	0.9933993399339934
152	0.9917491749174917
153	0.9867986798679867
154	0.9933993399339934
155	0.9983498349834984
156	0.9983498349834984
157	0.9983498349834984
158	1.0
159	1.0
160	0.9966996699669967
161	0.995049504950495
162	0.9966996699669967
163	0.9966996699669967
164	0.9933993399339934
165	0.9884488448844885
166	0.995049504950495
167	0.9983498349834984
168	0.9966996699669967
169	0.9966996699669967
170	0.995049504950495
171	1.0
172	0.9983498349834984
173	0.9966996699669967
174	0.9983498349834984
175	1.0
176	1.0
177	0.9966996699669967
178	0.9983498349834984
179	0.9983498349834984
180	0.9966996699669967
181	0.9983498349834984
182	0.995049504950495
183	0.9966996699669967
184	0.9966996699669967
185	0.9933993399339934
186	0.9933993399339934
187	0.9966996699669967
188	0.9983498349834984
189	0.9983498349834984
190	0.9983498349834984
191	0.9966996699669967
192	0.9983498349834984
193	0.9966996699669967
194	0.9966996699669967
195	1.0
196	1.0
197	1.0
198	1.0
199	0.9983498349834984
200	1.0
201	0.9983498349834984
202	0.9983498349834984
203	0.995049504950495
204	0.9966996699669967
205	0.9983498349834984
206	0.9983498349834984
207	0.9983498349834984
208	0.995049504950495
209	0.9983498349834984
210	1.0
211	1.0
212	0.9983498349834984
213	0.995049504950495
214	0.9966996699669967
215	0.9983498349834984
216	0.9966996699669967
217	0.9966996699669967
218	0.9933993399339934
219	0.9917491749174917
220	0.9917491749174917
221	0.9933993399339934
222	0.995049504950495
223	0.995049504950495
224	1.0
225	0.9983498349834984
226	0.9966996699669967
227	0.9983498349834984
228	0.9966996699669967
229	0.9983498349834984
230	0.9983498349834984
231	0.9983498349834984
232	0.9966996699669967
233	0.9966996699669967
234	0.9983498349834984
235	0.9983498349834984
236	0.9966996699669967
237	0.9966996699669967
238	1.0
239	0.9983498349834984
240	0.9933993399339934
241	0.9966996699669967
242	0.995049504950495
243	0.9966996699669967
244	0.9966996699669967
245	0.9983498349834984
246	1.0
247	1.0
248	1.0
249	0.9983498349834984
250	0.9983498349834984
251	0.9966996699669967
252	0.9966996699669967
253	0.9966996699669967
254	0.9983498349834984
255	0.9983498349834984
256	0.995049504950495
257	0.9983498349834984
258	0.9933993399339934
259	0.9966996699669967
260	0.9983498349834984
261	0.9966996699669967
262	0.9983498349834984
263	0.995049504950495
264	0.995049504950495
265	0.9966996699669967
266	0.9983498349834984
267	1.0
268	1.0
269	1.0
270	1.0
271	1.0
272	0.9983498349834984
273	1.0
274	1.0
275	0.9983498349834984
276	1.0
277	0.9983498349834984
278	1.0
279	0.9983498349834984
280	0.9983498349834984
281	0.9983498349834984
282	1.0
283	1.0
284	1.0
285	0.9983498349834984
286	1.0
287	1.0
288	0.9983498349834984
289	0.9983498349834984
290	0.9966996699669967
291	0.9983498349834984
292	0.9983498349834984
293	1.0
294	1.0
295	0.9983498349834984
296	1.0
297	1.0
298	0.9933993399339934
299	0.995049504950495
300	0.9966996699669967
301	0.9966996699669967
302	0.9983498349834984
303	0.9966996699669967
304	0.9966996699669967
305	0.9983498349834984
306	1.0
307	1.0
308	0.9983498349834984
309	1.0
310	0.9983498349834984
311	0.9966996699669967
312	0.9966996699669967
313	0.9966996699669967
314	0.9983498349834984
315	1.0
316	0.9983498349834984
317	0.9983498349834984
318	1.0
319	0.995049504950495
320	0.9983498349834984
321	0.9966996699669967
322	0.9966996699669967
323	0.9966996699669967
324	0.9983498349834984
325	0.9983498349834984
326	0.9966996699669967
327	0.9966996699669967
328	1.0
329	0.9983498349834984
330	1.0
331	0.9966996699669967
332	0.9966996699669967
333	0.9983498349834984
334	0.995049504950495
335	0.995049504950495
336	0.9983498349834984
337	1.0
338	1.0
339	1.0
340	1.0
341	0.9983498349834984
342	1.0
343	0.9983498349834984
344	1.0
345	0.9983498349834984
346	0.9966996699669967
347	0.9983498349834984
348	0.9983498349834984
349	0.9966996699669967
350	0.9983498349834984
351	0.9983498349834984
352	1.0
353	1.0
354	1.0
355	1.0
356	0.9983498349834984
357	1.0
358	1.0
359	0.9983498349834984
360	0.9966996699669967
361	1.0
362	0.9983498349834984
363	0.995049504950495
364	0.9983498349834984
365	0.9966996699669967
366	0.9983498349834984
367	0.9983498349834984
368	0.9966996699669967
369	0.9917491749174917
370	0.9966996699669967
371	0.9966996699669967
372	1.0
373	1.0
374	1.0
375	1.0
376	0.9966996699669967
377	0.9966996699669967
378	0.9966996699669967
379	0.9983498349834984
380	0.9983498349834984
381	1.0
382	1.0
383	0.9983498349834984
384	0.9983498349834984
385	0.9966996699669967
386	1.0
387	0.9966996699669967
388	1.0
389	1.0
390	1.0
391	1.0
392	1.0
393	0.9983498349834984
394	0.995049504950495
395	0.9983498349834984
396	0.9966996699669967
397	0.9983498349834984
398	1.0
399	0.9983498349834984
400	0.9966996699669967
401	0.995049504950495
402	0.9966996699669967
403	0.9983498349834984
404	0.9983498349834984
405	1.0
406	0.9983498349834984
407	0.9966996699669967
408	0.9983498349834984
409	1.0
410	1.0
411	1.0
412	1.0
413	0.9983498349834984
414	0.9983498349834984
415	0.9983498349834984
416	0.9983498349834984
417	0.995049504950495
418	0.9983498349834984
419	0.9966996699669967
420	0.9983498349834984
421	0.9983498349834984
422	1.0
423	0.9966996699669967
424	1.0
425	1.0
426	1.0
427	0.9966996699669967
428	0.9966996699669967
429	0.995049504950495
430	0.9983498349834984
431	0.9983498349834984
432	0.9983498349834984
433	0.9966996699669967
434	0.9983498349834984
435	0.9983498349834984
436	1.0
437	0.9983498349834984
438	1.0
439	1.0
440	1.0
441	0.9983498349834984
442	1.0
443	1.0
444	0.9983498349834984
445	0.9983498349834984
446	0.9983498349834984
447	1.0
448	1.0
449	1.0
450	1.0
451	1.0
452	0.9983498349834984
453	0.9983498349834984
454	1.0
455	1.0
456	1.0
457	1.0
458	1.0
459	1.0
460	1.0
461	0.9983498349834984
462	0.9966996699669967
463	0.9983498349834984
464	0.9983498349834984
465	1.0
466	1.0
467	1.0
468	1.0
469	0.9966996699669967
470	0.9966996699669967
471	0.9983498349834984
472	0.9983498349834984
473	0.9983498349834984
474	1.0
475	1.0
476	1.0
477	1.0
478	1.0
479	1.0
480	0.9983498349834984
481	0.9983498349834984
482	0.9983498349834984
483	0.9983498349834984
484	0.9983498349834984
485	0.9983498349834984
486	1.0
487	0.9966996699669967
488	0.995049504950495
489	0.9983498349834984
490	0.9983498349834984
491	0.9983498349834984
492	1.0
493	1.0
494	0.9983498349834984
495	1.0
496	0.9983498349834984
497	0.9983498349834984
498	1.0
499	0.9983498349834984
500	0.9983498349834984
501	1.0
502	1.0
503	1.0
504	1.0
505	1.0
506	0.9983498349834984
507	1.0
508	1.0
509	1.0
510	0.9983498349834984
511	1.0
512	0.9983498349834984
513	0.9983498349834984
514	0.9983498349834984
515	0.9983498349834984
516	0.9983498349834984
517	0.9983498349834984
518	1.0
519	1.0
520	0.9983498349834984
521	1.0
522	1.0
523	1.0
524	0.9966996699669967
525	1.0
526	1.0
527	1.0
528	1.0
529	0.9983498349834984
530	1.0
531	0.9983498349834984
532	0.9983498349834984
533	0.9983498349834984
534	1.0
535	1.0
536	0.9983498349834984
537	0.9966996699669967
538	0.9983498349834984
539	0.9933993399339934
540	0.9983498349834984
541	1.0
542	0.9983498349834984
543	0.995049504950495
544	0.9983498349834984
545	1.0
546	0.9983498349834984
547	1.0
548	0.9983498349834984
549	1.0
550	0.9983498349834984
551	0.9983498349834984
552	0.9983498349834984
553	1.0
554	0.9966996699669967
555	1.0
556	0.9983498349834984
557	0.9983498349834984
558	0.9983498349834984
559	1.0
560	0.9983498349834984
561	1.0
562	0.9966996699669967
563	0.9966996699669967
564	1.0
565	0.995049504950495
566	0.9983498349834984
567	0.9983498349834984
568	0.9983498349834984
569	0.9983498349834984
570	1.0
571	1.0
572	0.9983498349834984
573	0.9983498349834984
574	0.9983498349834984
575	0.9966996699669967
576	0.9983498349834984
577	0.9983498349834984
578	1.0
579	1.0
580	0.9983498349834984
581	1.0
582	1.0
583	1.0
584	0.9983498349834984
585	1.0
586	0.9983498349834984
587	0.9966996699669967
588	0.9983498349834984
589	1.0
590	1.0
591	1.0
592	1.0
593	0.9966996699669967
594	1.0
595	1.0
596	1.0
597	0.9983498349834984
598	1.0
599	0.9983498349834984
600	0.9983498349834984
601	0.9983498349834984
602	0.9983498349834984
603	0.9983498349834984
604	1.0
605	1.0
606	1.0
607	1.0
608	1.0
609	0.9983498349834984
610	0.9983498349834984
611	0.9983498349834984
612	1.0
613	1.0
614	1.0
615	1.0
616	0.9983498349834984
617	0.9983498349834984
618	0.9983498349834984
619	0.9983498349834984
620	0.9966996699669967
621	0.9983498349834984
622	1.0
623	1.0
624	1.0
625	0.9983498349834984
626	0.9983498349834984
627	0.9983498349834984
628	0.995049504950495
629	0.9966996699669967
630	0.9983498349834984
631	0.9966996699669967
632	1.0
633	1.0
634	1.0
635	1.0
636	1.0
637	1.0
638	0.9983498349834984
639	0.995049504950495
640	0.9917491749174917
641	0.9983498349834984
642	0.9983498349834984
643	0.9983498349834984
644	1.0
645	1.0
646	0.9983498349834984
647	0.9983498349834984
648	1.0
649	1.0
650	1.0
651	1.0
652	0.9983498349834984
653	0.9983498349834984
654	0.9983498349834984
655	0.9983498349834984
656	0.9983498349834984
657	0.995049504950495
658	0.9966996699669967
659	0.9966996699669967
660	0.9933993399339934
661	0.9983498349834984
662	0.9966996699669967
663	0.995049504950495
664	1.0
665	1.0
666	0.9983498349834984
667	1.0
668	0.995049504950495
669	0.995049504950495
670	0.995049504950495
671	0.9983498349834984
672	0.9983498349834984
673	0.9983498349834984
674	0.9983498349834984
675	0.9983498349834984
676	0.9983498349834984
677	0.9983498349834984
678	0.9983498349834984
679	1.0
680	0.9983498349834984
681	0.9966996699669967
682	0.9966996699669967
683	0.9966996699669967
684	0.9966996699669967
685	1.0
686	1.0
687	1.0
688	1.0
689	1.0
690	1.0
691	1.0
692	1.0
693	0.9983498349834984
694	1.0
695	1.0
696	1.0
697	1.0
698	0.9983498349834984
699	0.9966996699669967
700	1.0
701	1.0
702	1.0
703	0.9983498349834984
704	1.0
705	1.0
706	1.0
707	0.9983498349834984
708	0.9983498349834984
709	0.9966996699669967
710	0.9983498349834984
711	0.9983498349834984
712	1.0
713	1.0
714	1.0
715	1.0
716	0.9983498349834984
717	0.9983498349834984
718	1.0
719	0.9983498349834984
720	0.9983498349834984
721	1.0
722	1.0
723	1.0
724	1.0
725	1.0
726	1.0
727	1.0
728	1.0
729	1.0
730	0.9966996699669967
731	0.9983498349834984
732	1.0
733	1.0
734	1.0
735	1.0
736	1.0
737	1.0
738	1.0
739	1.0
740	0.9983498349834984
741	1.0
742	0.9983498349834984
743	0.9983498349834984
744	0.9983498349834984
745	0.9983498349834984
746	0.9966996699669967
747	0.9983498349834984
748	0.9983498349834984
749	0.9983498349834984
750	1.0
751	1.0
752	1.0
753	1.0
754	1.0
755	1.0
756	0.9966996699669967
757	0.9966996699669967
758	0.9966996699669967
759	0.9983498349834984
760	0.9983498349834984
761	0.9983498349834984
762	1.0
763	1.0
764	0.9983498349834984
765	0.9966996699669967
766	0.9966996699669967
767	0.9966996699669967
768	1.0
769	1.0
770	1.0
771	1.0
772	1.0
773	1.0
774	1.0
775	1.0
776	1.0
777	0.9983498349834984
778	1.0
779	1.0
780	1.0
781	0.9983498349834984
782	0.9983498349834984
783	1.0
784	0.9983498349834984
785	0.9983498349834984
786	0.9983498349834984
787	0.9983498349834984
788	1.0
789	1.0
790	1.0
791	0.9983498349834984
792	1.0
793	1.0
794	1.0
795	0.9983498349834984
796	0.9983498349834984
797	0.9983498349834984
798	0.9983498349834984
799	0.9983498349834984
800	0.9983498349834984
801	0.9983498349834984
802	0.9983498349834984
803	1.0
804	0.9983498349834984
805	0.9983498349834984
806	0.9966996699669967
807	0.9983498349834984
808	0.9966996699669967
809	0.9983498349834984
810	1.0
811	1.0
812	1.0
813	1.0
814	1.0
815	1.0
816	1.0
817	1.0
818	1.0
819	1.0
820	1.0
821	1.0
822	1.0
823	0.9983498349834984
824	0.9983498349834984
825	0.9983498349834984
826	0.9983498349834984
827	0.9983498349834984
828	1.0
829	1.0
830	1.0
831	1.0
832	1.0
833	1.0
834	1.0
835	0.9983498349834984
836	1.0
837	1.0
838	0.9983498349834984
839	1.0
840	1.0
841	1.0
842	1.0
843	0.9983498349834984
844	0.9983498349834984
845	0.9983498349834984
846	0.9966996699669967
847	0.9966996699669967
848	1.0
849	0.9983498349834984
850	1.0
851	1.0
852	1.0
853	1.0
854	1.0
855	1.0
856	1.0
857	0.9983498349834984
858	1.0
859	1.0
860	1.0
861	0.9983498349834984
862	0.9966996699669967
863	0.9983498349834984
864	1.0
865	0.9983498349834984
866	0.9983498349834984
867	1.0
868	1.0
869	1.0
870	1.0
871	1.0
872	1.0
873	1.0
874	1.0
875	1.0
876	1.0
877	1.0
878	1.0
879	1.0
880	1.0
881	1.0
882	1.0
883	0.9983498349834984
884	1.0
885	1.0
886	0.9983498349834984
887	1.0
888	1.0
889	1.0
890	1.0
891	0.9966996699669967
892	1.0
893	0.9983498349834984
894	1.0
895	1.0
896	1.0
897	0.9966996699669967
898	1.0
899	1.0
900	1.0
901	0.9983498349834984
902	0.9983498349834984
903	0.9983498349834984
904	1.0
905	0.9983498349834984
906	1.0
907	1.0
908	0.9966996699669967
909	0.9983498349834984
910	0.9966996699669967
911	1.0
912	1.0
913	0.9983498349834984
914	1.0
915	1.0
916	1.0
917	1.0
918	1.0
919	1.0
920	1.0
921	1.0
922	1.0
923	1.0
924	0.9983498349834984
925	0.9966996699669967
926	0.9966996699669967
927	0.9983498349834984
928	0.9983498349834984
929	0.9966996699669967
930	1.0
931	1.0
932	1.0
933	0.9983498349834984
934	0.9983498349834984
935	0.9983498349834984
936	0.9983498349834984
937	1.0
938	1.0
939	1.0
940	0.9983498349834984
941	1.0
942	0.9983498349834984
943	0.9983498349834984
944	0.9983498349834984
945	0.9983498349834984
946	0.9983498349834984
947	1.0
948	1.0
949	1.0
950	0.9983498349834984
951	0.9983498349834984
952	0.9983498349834984
953	0.9983498349834984
954	1.0
955	0.9983498349834984
956	0.9983498349834984
957	0.9983498349834984
958	1.0
959	1.0
960	1.0
961	1.0
962	1.0
963	1.0
964	1.0
965	1.0
966	1.0
967	1.0
968	1.0
969	1.0
970	0.9983498349834984
971	1.0
972	1.0
973	0.9983498349834984
974	0.9983498349834984
975	0.9983498349834984
976	0.9983498349834984
977	1.0
978	1.0
979	1.0
980	0.9983498349834984
981	0.9983498349834984
982	0.9983498349834984
983	1.0
984	1.0
985	1.0
986	0.9983498349834984
987	0.9966996699669967
988	0.9983498349834984
989	0.9983498349834984
990	0.9983498349834984
991	0.9983498349834984
992	1.0
993	0.9983498349834984
994	0.9966996699669967
995	0.9983498349834984
996	1.0
997	0.9983498349834984
998	0.9983498349834984
999	0.9983498349834984
1000	0.9983498349834984
