1	0.13840155945419103
2	0.1354775828460039
3	0.23976608187134502
4	0.2875243664717349
5	0.34990253411306044
6	0.4044834307992203
7	0.4502923976608187
8	0.5116959064327485
9	0.5565302144249513
10	0.5760233918128655
11	0.601364522417154
12	0.615009746588694
13	0.6325536062378168
14	0.6705653021442495
15	0.6578947368421053
16	0.6910331384015594
17	0.723196881091618
18	0.7192982456140351
19	0.7153996101364523
20	0.7222222222222222
21	0.723196881091618
22	0.753411306042885
23	0.7621832358674464
24	0.7729044834307992
25	0.7719298245614035
26	0.7748538011695907
27	0.7962962962962963
28	0.7865497076023392
29	0.8099415204678363
30	0.8001949317738791
31	0.8031189083820662
32	0.827485380116959
33	0.8304093567251462
34	0.8304093567251462
35	0.8518518518518519
36	0.8625730994152047
37	0.868421052631579
38	0.8732943469785575
39	0.8908382066276803
40	0.8957115009746589
41	0.9005847953216374
42	0.9113060428849903
43	0.9239766081871345
44	0.9220272904483431
45	0.9278752436647173
46	0.9210526315789473
47	0.9200779727095516
48	0.9269005847953217
49	0.9346978557504874
50	0.9366471734892787
51	0.9434697855750487
52	0.9590643274853801
53	0.9590643274853801
54	0.9619883040935673
55	0.9639376218323586
56	0.9658869395711501
57	0.9629629629629629
58	0.9639376218323586
59	0.9756335282651072
60	0.9736842105263158
61	0.9736842105263158
62	0.9814814814814815
63	0.9785575048732943
64	0.9775828460038987
65	0.9785575048732943
66	0.9805068226120858
67	0.9727095516569201
68	0.9775828460038987
69	0.9912280701754386
70	0.9902534113060428
71	0.9814814814814815
72	0.97953216374269
73	0.9834307992202729
74	0.98635477582846
75	0.97953216374269
76	0.9892787524366472
77	0.9883040935672515
78	0.9951267056530214
79	0.99317738791423
80	0.9892787524366472
81	0.99317738791423
82	0.9941520467836257
83	0.9892787524366472
84	0.9941520467836257
85	0.9970760233918129
86	0.9970760233918129
87	0.9922027290448343
88	0.9961013645224172
89	0.9970760233918129
90	0.9970760233918129
91	1.0
92	0.9961013645224172
93	0.99317738791423
94	0.99317738791423
95	0.9892787524366472
96	0.9961013645224172
97	0.9961013645224172
98	0.9961013645224172
99	0.9951267056530214
100	0.9980506822612085
101	0.9970760233918129
102	0.9980506822612085
103	0.9970760233918129
104	0.9961013645224172
105	0.9980506822612085
106	0.9961013645224172
107	0.9941520467836257
108	0.9961013645224172
109	0.9970760233918129
110	0.9980506822612085
111	0.9990253411306043
112	0.9961013645224172
113	0.9951267056530214
114	0.9990253411306043
115	0.9970760233918129
116	0.9970760233918129
117	0.9970760233918129
118	0.9980506822612085
119	0.9951267056530214
120	0.9951267056530214
121	0.99317738791423
122	0.9961013645224172
123	0.9961013645224172
124	0.9951267056530214
125	0.9941520467836257
126	0.9980506822612085
127	0.9970760233918129
128	0.9990253411306043
129	0.9990253411306043
130	0.9941520467836257
131	0.9902534113060428
132	0.9941520467836257
133	0.9980506822612085
134	0.9961013645224172
135	0.9980506822612085
136	0.9980506822612085
137	0.9970760233918129
138	0.9970760233918129
139	0.9990253411306043
140	0.9970760233918129
141	0.9990253411306043
142	0.9970760233918129
143	0.9970760233918129
144	0.9990253411306043
145	0.9990253411306043
146	0.9980506822612085
147	0.9980506822612085
148	0.9980506822612085
149	0.9961013645224172
150	0.9970760233918129
151	0.9970760233918129
152	0.9980506822612085
153	0.9970760233918129
154	0.9941520467836257
155	0.9980506822612085
156	0.9980506822612085
157	0.9951267056530214
158	0.9961013645224172
159	0.9970760233918129
160	0.9951267056530214
161	0.9980506822612085
162	0.9961013645224172
163	0.9951267056530214
164	0.9951267056530214
165	0.9941520467836257
166	0.9990253411306043
167	0.9980506822612085
168	0.9980506822612085
169	0.9990253411306043
170	0.9970760233918129
171	0.9970760233918129
172	0.9990253411306043
173	0.9980506822612085
174	0.9990253411306043
175	0.9961013645224172
176	0.9961013645224172
177	0.9990253411306043
178	0.9980506822612085
179	0.9990253411306043
180	0.9970760233918129
181	0.9980506822612085
182	0.9951267056530214
183	0.9980506822612085
184	0.9970760233918129
185	0.9980506822612085
186	0.9980506822612085
187	0.9980506822612085
188	0.9961013645224172
189	0.9980506822612085
190	0.9990253411306043
191	0.9980506822612085
192	0.9980506822612085
193	0.9970760233918129
194	0.9951267056530214
195	0.9980506822612085
196	0.9980506822612085
197	0.9980506822612085
198	0.9970760233918129
199	0.9990253411306043
200	0.9961013645224172
201	0.9970760233918129
202	0.9980506822612085
203	0.9970760233918129
204	0.9941520467836257
205	0.9990253411306043
206	0.9961013645224172
207	0.9980506822612085
208	1.0
209	1.0
210	1.0
211	0.9990253411306043
212	0.9951267056530214
213	0.99317738791423
214	0.9961013645224172
215	0.9970760233918129
216	0.9951267056530214
217	0.9961013645224172
218	0.9990253411306043
219	0.9970760233918129
220	0.9941520467836257
221	0.9951267056530214
222	0.9961013645224172
223	0.9951267056530214
224	0.9990253411306043
225	0.9970760233918129
226	0.9961013645224172
227	0.9961013645224172
228	0.9961013645224172
229	0.9980506822612085
230	0.9970760233918129
231	0.9970760233918129
232	0.9990253411306043
233	0.9990253411306043
234	1.0
235	0.9980506822612085
236	0.9970760233918129
237	0.9990253411306043
238	0.9990253411306043
239	0.9990253411306043
240	0.9980506822612085
241	1.0
242	0.9990253411306043
243	0.9990253411306043
244	0.9990253411306043
245	0.9961013645224172
246	0.99317738791423
247	0.9961013645224172
248	0.9980506822612085
249	1.0
250	1.0
251	0.9990253411306043
252	0.9980506822612085
253	0.9961013645224172
254	0.9961013645224172
255	1.0
256	0.9970760233918129
257	0.9980506822612085
258	0.9990253411306043
259	0.9990253411306043
260	0.9970760233918129
261	0.9961013645224172
262	0.9980506822612085
263	0.9990253411306043
264	1.0
265	0.9990253411306043
266	0.9970760233918129
267	0.9941520467836257
268	0.9941520467836257
269	0.9980506822612085
270	0.9990253411306043
271	0.9961013645224172
272	0.9990253411306043
273	0.9970760233918129
274	0.9951267056530214
275	0.9961013645224172
276	0.9961013645224172
277	0.9980506822612085
278	0.9961013645224172
279	0.9961013645224172
280	0.9951267056530214
281	0.9970760233918129
282	0.9980506822612085
283	1.0
284	0.9990253411306043
285	0.9970760233918129
286	0.9980506822612085
287	0.9990253411306043
288	0.9980506822612085
289	0.9980506822612085
290	0.9961013645224172
291	0.9961013645224172
292	0.9970760233918129
293	0.9990253411306043
294	1.0
295	0.9970760233918129
296	0.9990253411306043
297	0.9980506822612085
298	0.9970760233918129
299	0.9990253411306043
300	0.9990253411306043
301	0.9951267056530214
302	0.99317738791423
303	0.99317738791423
304	0.9980506822612085
305	0.9980506822612085
306	0.9980506822612085
307	1.0
308	1.0
309	1.0
310	0.9980506822612085
311	0.9961013645224172
312	0.9970760233918129
313	0.9970760233918129
314	0.9990253411306043
315	0.9990253411306043
316	0.9990253411306043
317	0.9990253411306043
318	0.9980506822612085
319	0.9980506822612085
320	0.9990253411306043
321	1.0
322	0.9980506822612085
323	0.9990253411306043
324	0.9980506822612085
325	0.9951267056530214
326	0.9941520467836257
327	0.9941520467836257
328	0.9951267056530214
329	0.9961013645224172
330	0.9961013645224172
331	0.9970760233918129
332	0.9970760233918129
333	0.9970760233918129
334	0.9980506822612085
335	0.9980506822612085
336	0.9990253411306043
337	0.9990253411306043
338	0.9990253411306043
339	0.9980506822612085
340	0.9990253411306043
341	0.9990253411306043
342	0.9990253411306043
343	0.9980506822612085
344	0.9980506822612085
345	0.9970760233918129
346	0.9980506822612085
347	0.9961013645224172
348	0.9970760233918129
349	0.9970760233918129
350	0.9970760233918129
351	0.9980506822612085
352	0.9990253411306043
353	0.9961013645224172
354	0.9970760233918129
355	0.9961013645224172
356	0.9961013645224172
357	0.9980506822612085
358	0.9970760233918129
359	0.9980506822612085
360	1.0
361	0.9980506822612085
362	0.9980506822612085
363	0.9990253411306043
364	0.9990253411306043
365	0.9980506822612085
366	1.0
367	1.0
368	1.0
369	1.0
370	0.9980506822612085
371	0.9970760233918129
372	0.9990253411306043
373	0.9980506822612085
374	0.9990253411306043
375	0.9990253411306043
376	0.9990253411306043
377	0.9980506822612085
378	0.9970760233918129
379	0.9980506822612085
380	0.9990253411306043
381	1.0
382	1.0
383	0.9980506822612085
384	0.9990253411306043
385	0.9990253411306043
386	0.9970760233918129
387	0.9980506822612085
388	0.9990253411306043
389	0.9990253411306043
390	0.9970760233918129
391	0.9980506822612085
392	0.9990253411306043
393	1.0
394	0.9990253411306043
395	0.9980506822612085
396	0.9980506822612085
397	0.9980506822612085
398	0.9970760233918129
399	0.9980506822612085
400	0.9980506822612085
401	1.0
402	1.0
403	1.0
404	0.9990253411306043
405	0.9990253411306043
406	0.9990253411306043
407	0.9951267056530214
408	0.9970760233918129
409	0.9970760233918129
410	0.9990253411306043
411	0.9980506822612085
412	0.9980506822612085
413	0.9990253411306043
414	1.0
415	0.9970760233918129
416	0.9980506822612085
417	0.9970760233918129
418	0.9990253411306043
419	0.9961013645224172
420	0.9970760233918129
421	0.9970760233918129
422	0.9980506822612085
423	0.9961013645224172
424	0.9970760233918129
425	0.9990253411306043
426	0.9961013645224172
427	0.99317738791423
428	0.9941520467836257
429	0.9951267056530214
430	0.9970760233918129
431	0.9980506822612085
432	0.9990253411306043
433	0.9980506822612085
434	0.9990253411306043
435	0.9980506822612085
436	0.9980506822612085
437	0.9980506822612085
438	0.9980506822612085
439	0.9980506822612085
440	0.9961013645224172
441	0.9970760233918129
442	1.0
443	0.9990253411306043
444	1.0
445	0.9980506822612085
446	0.9990253411306043
447	0.9990253411306043
448	0.9951267056530214
449	0.9980506822612085
450	0.9980506822612085
451	0.9990253411306043
452	0.9980506822612085
453	1.0
454	0.9990253411306043
455	0.9970760233918129
456	0.9990253411306043
457	0.9980506822612085
458	1.0
459	0.9980506822612085
460	0.9970760233918129
461	0.9980506822612085
462	0.9990253411306043
463	0.9980506822612085
464	0.9980506822612085
465	0.9980506822612085
466	0.9990253411306043
467	0.9961013645224172
468	0.9970760233918129
469	0.9990253411306043
470	0.9990253411306043
471	0.9990253411306043
472	0.9990253411306043
473	1.0
474	0.9970760233918129
475	0.9980506822612085
476	0.9990253411306043
477	0.9970760233918129
478	0.9980506822612085
479	0.9970760233918129
480	0.9980506822612085
481	0.9980506822612085
482	0.9980506822612085
483	0.9980506822612085
484	0.9980506822612085
485	0.9980506822612085
486	0.9961013645224172
487	0.9951267056530214
488	1.0
489	0.9980506822612085
490	0.9980506822612085
491	0.9990253411306043
492	0.9951267056530214
493	0.9980506822612085
494	0.9980506822612085
495	0.9980506822612085
496	0.9990253411306043
497	0.9970760233918129
498	0.9961013645224172
499	0.9970760233918129
500	0.9941520467836257
501	0.9961013645224172
502	0.9990253411306043
503	0.9990253411306043
504	0.9990253411306043
505	1.0
506	0.9970760233918129
507	0.9990253411306043
508	0.9990253411306043
509	0.9990253411306043
510	0.9980506822612085
511	0.9990253411306043
512	0.9990253411306043
513	1.0
514	0.9990253411306043
515	0.9980506822612085
516	0.9990253411306043
517	0.9990253411306043
518	0.9990253411306043
519	0.9980506822612085
520	0.9951267056530214
521	0.9970760233918129
522	0.9970760233918129
523	0.9961013645224172
524	0.9970760233918129
525	0.9961013645224172
526	0.9961013645224172
527	0.9970760233918129
528	0.9970760233918129
529	0.9980506822612085
530	1.0
531	0.9990253411306043
532	0.9990253411306043
533	0.9980506822612085
534	0.9990253411306043
535	0.9990253411306043
536	0.9990253411306043
537	0.9980506822612085
538	1.0
539	0.9961013645224172
540	0.9980506822612085
541	0.9990253411306043
542	0.9980506822612085
543	0.9990253411306043
544	0.9990253411306043
545	1.0
546	0.9990253411306043
547	0.9970760233918129
548	0.9990253411306043
549	0.9990253411306043
550	0.9990253411306043
551	0.9980506822612085
552	1.0
553	0.9990253411306043
554	0.9970760233918129
555	0.9990253411306043
556	0.9980506822612085
557	0.9980506822612085
558	0.9980506822612085
559	0.9970760233918129
560	0.9970760233918129
561	0.9951267056530214
562	0.9980506822612085
563	0.9980506822612085
564	0.9980506822612085
565	1.0
566	0.9990253411306043
567	0.9970760233918129
568	0.9970760233918129
569	1.0
570	0.9980506822612085
571	0.9990253411306043
572	1.0
573	0.9990253411306043
574	1.0
575	1.0
576	0.9980506822612085
577	0.9970760233918129
578	0.9990253411306043
579	0.9990253411306043
580	0.9980506822612085
581	0.9990253411306043
582	0.9990253411306043
583	0.9990253411306043
584	0.9990253411306043
585	0.9961013645224172
586	0.9980506822612085
587	0.9980506822612085
588	0.9990253411306043
589	0.9970760233918129
590	0.9961013645224172
591	0.9961013645224172
592	0.9980506822612085
593	1.0
594	0.9961013645224172
595	1.0
596	0.9980506822612085
597	0.9961013645224172
598	0.9961013645224172
599	0.9970760233918129
600	0.9951267056530214
601	0.9970760233918129
602	0.9970760233918129
603	0.9980506822612085
604	0.9990253411306043
605	0.9980506822612085
606	0.9980506822612085
607	0.9980506822612085
608	0.9970760233918129
609	0.9990253411306043
610	0.9990253411306043
611	0.9990253411306043
612	0.9990253411306043
613	0.9990253411306043
614	0.9970760233918129
615	0.9961013645224172
616	0.9970760233918129
617	0.9970760233918129
618	0.9980506822612085
619	1.0
620	1.0
621	1.0
622	1.0
623	0.9980506822612085
624	0.9951267056530214
625	0.9961013645224172
626	0.9961013645224172
627	0.9961013645224172
628	1.0
629	0.9980506822612085
630	0.9970760233918129
631	0.9970760233918129
632	0.9990253411306043
633	0.9970760233918129
634	0.9961013645224172
635	0.9970760233918129
636	0.9941520467836257
637	0.9980506822612085
638	0.9990253411306043
639	0.9970760233918129
640	0.9970760233918129
641	0.9970760233918129
642	0.9990253411306043
643	0.9990253411306043
644	0.9990253411306043
645	0.9970760233918129
646	0.9951267056530214
647	0.9990253411306043
648	0.9990253411306043
649	0.9990253411306043
650	0.9980506822612085
651	0.9990253411306043
652	1.0
653	0.9980506822612085
654	0.9990253411306043
655	0.9980506822612085
656	0.9990253411306043
657	0.9990253411306043
658	0.9990253411306043
659	0.9980506822612085
660	0.9970760233918129
661	0.9970760233918129
662	1.0
663	1.0
664	0.9990253411306043
665	1.0
666	1.0
667	1.0
668	0.9951267056530214
669	0.9980506822612085
670	1.0
671	1.0
672	0.9990253411306043
673	0.9990253411306043
674	0.9990253411306043
675	0.9961013645224172
676	0.9990253411306043
677	0.9970760233918129
678	0.9980506822612085
679	1.0
680	1.0
681	1.0
682	1.0
683	0.9990253411306043
684	0.9990253411306043
685	1.0
686	1.0
687	0.9980506822612085
688	1.0
689	0.9980506822612085
690	0.9990253411306043
691	0.9990253411306043
692	0.9980506822612085
693	0.9970760233918129
694	0.9961013645224172
695	0.9970760233918129
696	0.9970760233918129
697	0.9970760233918129
698	0.9970760233918129
699	0.9990253411306043
700	0.9990253411306043
701	0.9990253411306043
702	0.9970760233918129
703	0.9980506822612085
704	0.9990253411306043
705	0.9990253411306043
706	0.9980506822612085
707	0.9990253411306043
708	0.9980506822612085
709	0.9970760233918129
710	0.9990253411306043
711	0.9990253411306043
712	0.9980506822612085
713	0.9990253411306043
714	0.9970760233918129
715	0.9970760233918129
716	0.9980506822612085
717	0.9980506822612085
718	0.9951267056530214
719	0.9970760233918129
720	0.9970760233918129
721	0.9980506822612085
722	0.9980506822612085
723	0.9990253411306043
724	0.9990253411306043
725	0.9980506822612085
726	0.9970760233918129
727	0.9990253411306043
728	0.9980506822612085
729	0.9980506822612085
730	0.9990253411306043
731	1.0
732	1.0
733	1.0
734	1.0
735	1.0
736	1.0
737	0.9980506822612085
738	0.9980506822612085
739	0.9970760233918129
740	0.9970760233918129
741	1.0
742	0.9980506822612085
743	0.9980506822612085
744	0.9980506822612085
745	0.9980506822612085
746	0.9980506822612085
747	0.9990253411306043
748	1.0
749	0.9980506822612085
750	1.0
751	0.9990253411306043
752	0.9990253411306043
753	0.9990253411306043
754	0.9980506822612085
755	0.9990253411306043
756	0.9990253411306043
757	0.9990253411306043
758	0.9980506822612085
759	0.9970760233918129
760	0.9990253411306043
761	0.9990253411306043
762	1.0
763	1.0
764	1.0
765	1.0
766	0.9990253411306043
767	0.9990253411306043
768	0.9990253411306043
769	1.0
770	0.9990253411306043
771	0.9990253411306043
772	0.9980506822612085
773	0.9980506822612085
774	0.9980506822612085
775	0.9990253411306043
776	1.0
777	0.9990253411306043
778	0.9990253411306043
779	0.9980506822612085
780	0.9970760233918129
781	0.9980506822612085
782	0.9990253411306043
783	0.9990253411306043
784	0.9990253411306043
785	1.0
786	1.0
787	1.0
788	0.9990253411306043
789	0.9990253411306043
790	0.9980506822612085
791	0.9980506822612085
792	0.9990253411306043
793	0.9990253411306043
794	0.9990253411306043
795	0.9990253411306043
796	0.9990253411306043
797	0.9980506822612085
798	1.0
799	0.9990253411306043
800	0.9970760233918129
801	0.9990253411306043
802	1.0
803	0.9980506822612085
804	0.9961013645224172
805	0.9970760233918129
806	0.9980506822612085
807	0.9970760233918129
808	0.9990253411306043
809	0.9980506822612085
810	0.9990253411306043
811	0.9990253411306043
812	0.9970760233918129
813	0.9980506822612085
814	0.9970760233918129
815	0.9980506822612085
816	0.9961013645224172
817	0.9980506822612085
818	0.9990253411306043
819	0.9951267056530214
820	0.9922027290448343
821	0.9961013645224172
822	1.0
823	0.9980506822612085
824	0.9990253411306043
825	0.9990253411306043
826	0.9980506822612085
827	1.0
828	0.9990253411306043
829	1.0
830	0.9980506822612085
831	1.0
832	0.9980506822612085
833	0.9990253411306043
834	0.9990253411306043
835	1.0
836	0.9990253411306043
837	0.9990253411306043
838	0.9990253411306043
839	0.9980506822612085
840	0.9990253411306043
841	0.9990253411306043
842	0.9990253411306043
843	0.9990253411306043
844	1.0
845	1.0
846	1.0
847	0.9990253411306043
848	1.0
849	1.0
850	1.0
851	1.0
852	1.0
853	1.0
854	0.9990253411306043
855	0.9980506822612085
856	0.9980506822612085
857	0.9990253411306043
858	0.9990253411306043
859	0.9970760233918129
860	0.9980506822612085
861	0.9970760233918129
862	0.9970760233918129
863	1.0
864	0.9980506822612085
865	1.0
866	0.9990253411306043
867	0.9980506822612085
868	0.9980506822612085
869	0.9970760233918129
870	0.9980506822612085
871	0.9970760233918129
872	0.9980506822612085
873	0.9980506822612085
874	0.9990253411306043
875	1.0
876	1.0
877	0.9980506822612085
878	0.9970760233918129
879	0.9951267056530214
880	0.9961013645224172
881	0.9990253411306043
882	0.9980506822612085
883	1.0
884	0.9990253411306043
885	0.9990253411306043
886	1.0
887	0.9990253411306043
888	0.9980506822612085
889	0.9970760233918129
890	0.9961013645224172
891	0.9961013645224172
892	0.9970760233918129
893	0.9970760233918129
894	0.9980506822612085
895	1.0
896	0.9980506822612085
897	0.9990253411306043
898	0.9990253411306043
899	0.9970760233918129
900	0.9980506822612085
901	0.9990253411306043
902	0.9980506822612085
903	1.0
904	1.0
905	0.9980506822612085
906	0.9980506822612085
907	1.0
908	1.0
909	0.9980506822612085
910	0.9961013645224172
911	0.9990253411306043
912	0.9990253411306043
913	0.9980506822612085
914	0.9961013645224172
915	0.9970760233918129
916	0.9961013645224172
917	0.9951267056530214
918	0.9970760233918129
919	0.9961013645224172
920	0.9961013645224172
921	0.9970760233918129
922	0.9980506822612085
923	0.9970760233918129
924	1.0
925	0.9990253411306043
926	0.9980506822612085
927	0.9990253411306043
928	1.0
929	1.0
930	1.0
931	0.9970760233918129
932	1.0
933	0.9980506822612085
934	1.0
935	0.9970760233918129
936	0.9980506822612085
937	0.9980506822612085
938	0.9990253411306043
939	1.0
940	0.9990253411306043
941	0.9990253411306043
942	0.9990253411306043
943	1.0
944	0.9980506822612085
945	0.9990253411306043
946	0.9980506822612085
947	0.9990253411306043
948	0.9990253411306043
949	0.9990253411306043
950	0.9990253411306043
951	1.0
952	1.0
953	1.0
954	0.9990253411306043
955	0.9990253411306043
956	0.9990253411306043
957	0.9980506822612085
958	0.9980506822612085
959	0.9980506822612085
960	0.9980506822612085
961	0.9970760233918129
962	0.9970760233918129
963	0.9990253411306043
964	0.9990253411306043
965	0.9990253411306043
966	0.9980506822612085
967	0.9990253411306043
968	1.0
969	0.9980506822612085
970	0.9970760233918129
971	0.9980506822612085
972	0.9961013645224172
973	0.9951267056530214
974	0.9951267056530214
975	0.9961013645224172
976	0.9961013645224172
977	0.9980506822612085
978	0.9990253411306043
979	0.9970760233918129
980	0.9980506822612085
981	0.9990253411306043
982	0.9980506822612085
983	0.9970760233918129
984	1.0
985	0.9990253411306043
986	0.9980506822612085
987	0.9980506822612085
988	0.9970760233918129
989	0.9970760233918129
990	0.9970760233918129
991	0.9980506822612085
992	0.9990253411306043
993	0.9990253411306043
994	0.9980506822612085
995	0.9980506822612085
996	0.9970760233918129
997	0.9980506822612085
998	0.9980506822612085
999	0.9990253411306043
1000	0.9970760233918129
