1	0.22485207100591717
2	0.3629191321499014
3	0.4635108481262327
4	0.5857988165680473
5	0.6528599605522682
6	0.7061143984220908
7	0.7317554240631163
8	0.7712031558185405
9	0.796844181459566
10	0.8441814595660749
11	0.8796844181459567
12	0.8895463510848126
13	0.9072978303747534
14	0.9349112426035503
15	0.9506903353057199
16	0.9585798816568047
17	0.9684418145956607
18	0.9743589743589743
19	0.9723865877712031
20	0.9704142011834319
21	0.9743589743589743
22	0.9743589743589743
23	0.9861932938856016
24	0.9901380670611439
25	0.9881656804733728
26	0.9921104536489151
27	0.9921104536489151
28	0.9980276134122288
29	0.9980276134122288
30	0.9980276134122288
31	0.9980276134122288
32	1.0
33	0.9980276134122288
34	0.9980276134122288
35	0.9980276134122288
36	1.0
37	1.0
38	1.0
39	0.9960552268244576
40	0.9960552268244576
41	0.9980276134122288
42	0.9901380670611439
43	0.9960552268244576
44	1.0
45	1.0
46	1.0
47	1.0
48	1.0
49	0.9980276134122288
50	1.0
51	1.0
52	1.0
53	1.0
54	0.9980276134122288
55	0.9980276134122288
56	1.0
57	0.9980276134122288
58	1.0
59	1.0
60	1.0
61	0.9980276134122288
62	0.9980276134122288
63	1.0
64	0.9980276134122288
65	0.9980276134122288
66	0.9921104536489151
67	0.9980276134122288
68	0.9980276134122288
69	0.9980276134122288
70	1.0
71	1.0
72	1.0
73	0.9980276134122288
74	0.9980276134122288
75	0.9940828402366864
76	0.9980276134122288
77	0.9960552268244576
78	0.9960552268244576
79	0.9980276134122288
80	0.9980276134122288
81	0.9980276134122288
82	0.9980276134122288
83	0.9960552268244576
84	0.9960552268244576
85	0.9960552268244576
86	1.0
87	1.0
88	1.0
89	0.9980276134122288
90	0.9960552268244576
91	0.9960552268244576
92	0.9940828402366864
93	1.0
94	0.9960552268244576
95	0.9960552268244576
96	0.9980276134122288
97	0.9980276134122288
98	0.9980276134122288
99	1.0
100	0.9980276134122288
101	0.9980276134122288
102	0.9980276134122288
103	0.9980276134122288
104	1.0
105	0.9980276134122288
106	0.9980276134122288
107	0.9940828402366864
108	0.9960552268244576
109	0.9980276134122288
110	0.9980276134122288
111	0.9980276134122288
112	1.0
113	1.0
114	1.0
115	1.0
116	0.9960552268244576
117	0.9980276134122288
118	0.9980276134122288
119	0.9960552268244576
120	0.9940828402366864
121	0.9940828402366864
122	0.9960552268244576
123	0.9980276134122288
124	0.9980276134122288
125	1.0
126	1.0
127	0.9980276134122288
128	0.9980276134122288
129	0.9960552268244576
130	0.9980276134122288
131	0.9980276134122288
132	1.0
133	1.0
134	0.9940828402366864
135	1.0
136	1.0
137	1.0
138	0.9980276134122288
139	1.0
140	1.0
141	1.0
142	0.9960552268244576
143	0.9980276134122288
144	0.9960552268244576
145	0.9960552268244576
146	1.0
147	0.9980276134122288
148	0.9940828402366864
149	0.9960552268244576
150	1.0
151	0.9980276134122288
152	0.9980276134122288
153	1.0
154	1.0
155	1.0
156	1.0
157	1.0
158	1.0
159	1.0
160	1.0
161	1.0
162	1.0
163	1.0
164	1.0
165	1.0
166	0.9980276134122288
167	1.0
168	1.0
169	0.9980276134122288
170	0.9960552268244576
171	1.0
172	1.0
173	1.0
174	1.0
175	1.0
176	1.0
177	0.9980276134122288
178	0.9980276134122288
179	1.0
180	1.0
181	0.9980276134122288
182	1.0
183	1.0
184	1.0
185	1.0
186	1.0
187	1.0
188	0.9980276134122288
189	0.9980276134122288
190	0.9980276134122288
191	1.0
192	0.9980276134122288
193	0.9980276134122288
194	1.0
195	1.0
196	0.9980276134122288
197	0.9960552268244576
198	0.9980276134122288
199	0.9980276134122288
200	0.9960552268244576
201	1.0
202	1.0
203	1.0
204	1.0
205	0.9960552268244576
206	1.0
207	1.0
208	0.9980276134122288
209	0.9980276134122288
210	0.9960552268244576
211	0.9980276134122288
212	0.9960552268244576
213	0.9960552268244576
214	0.9960552268244576
215	0.9980276134122288
216	0.9980276134122288
217	0.9980276134122288
218	1.0
219	1.0
220	1.0
221	0.9980276134122288
222	0.9940828402366864
223	1.0
224	1.0
225	1.0
226	1.0
227	0.9980276134122288
228	1.0
229	0.9980276134122288
230	1.0
231	1.0
232	1.0
233	1.0
234	1.0
235	1.0
236	1.0
237	1.0
238	0.9980276134122288
239	0.9980276134122288
240	1.0
241	1.0
242	0.9980276134122288
243	0.9980276134122288
244	1.0
245	1.0
246	1.0
247	1.0
248	1.0
249	1.0
250	0.9980276134122288
251	0.9980276134122288
252	0.9980276134122288
253	1.0
254	1.0
255	1.0
256	1.0
257	1.0
258	0.9980276134122288
259	1.0
260	0.9980276134122288
261	1.0
262	1.0
263	1.0
264	1.0
265	1.0
266	1.0
267	0.9980276134122288
268	0.9980276134122288
269	0.9980276134122288
270	0.9980276134122288
271	1.0
272	0.9960552268244576
273	0.9980276134122288
274	0.9980276134122288
275	1.0
276	1.0
277	1.0
278	1.0
279	1.0
280	1.0
281	0.9980276134122288
282	0.9980276134122288
283	0.9980276134122288
284	0.9960552268244576
285	0.9960552268244576
286	0.9940828402366864
287	0.9940828402366864
288	1.0
289	1.0
290	1.0
291	0.9980276134122288
292	1.0
293	0.9980276134122288
294	0.9980276134122288
295	1.0
296	1.0
297	1.0
298	1.0
299	1.0
300	1.0
301	1.0
302	1.0
303	0.9980276134122288
304	0.9980276134122288
305	1.0
306	1.0
307	1.0
308	1.0
309	1.0
310	1.0
311	1.0
312	1.0
313	1.0
314	1.0
315	1.0
316	1.0
317	1.0
318	1.0
319	1.0
320	1.0
321	1.0
322	1.0
323	1.0
324	0.9980276134122288
325	1.0
326	1.0
327	1.0
328	0.9980276134122288
329	0.9940828402366864
330	0.9980276134122288
331	0.9980276134122288
332	0.9980276134122288
333	1.0
334	1.0
335	0.9980276134122288
336	1.0
337	1.0
338	0.9980276134122288
339	0.9980276134122288
340	0.9980276134122288
341	0.9960552268244576
342	1.0
343	1.0
344	1.0
345	1.0
346	1.0
347	1.0
348	0.9980276134122288
349	1.0
350	1.0
351	0.9980276134122288
352	0.9980276134122288
353	1.0
354	0.9960552268244576
355	0.9960552268244576
356	1.0
357	1.0
358	0.9960552268244576
359	1.0
360	1.0
361	0.9980276134122288
362	0.9980276134122288
363	0.9980276134122288
364	0.9980276134122288
365	1.0
366	1.0
367	0.9980276134122288
368	1.0
369	1.0
370	1.0
371	1.0
372	1.0
373	1.0
374	1.0
375	1.0
376	0.9960552268244576
377	0.9980276134122288
378	0.9960552268244576
379	0.9980276134122288
380	1.0
381	0.9980276134122288
382	1.0
383	1.0
384	1.0
385	1.0
386	1.0
387	0.9980276134122288
388	1.0
389	0.9960552268244576
390	0.9980276134122288
391	1.0
392	1.0
393	1.0
394	0.9980276134122288
395	1.0
396	1.0
397	1.0
398	1.0
399	1.0
400	1.0
401	1.0
402	1.0
403	1.0
404	1.0
405	1.0
406	1.0
407	1.0
408	1.0
409	1.0
410	1.0
411	1.0
412	1.0
413	1.0
414	1.0
415	0.9980276134122288
416	1.0
417	1.0
418	0.9980276134122288
419	1.0
420	1.0
421	1.0
422	1.0
423	1.0
424	1.0
425	0.9960552268244576
426	0.9980276134122288
427	1.0
428	1.0
429	1.0
430	1.0
431	0.9980276134122288
432	0.9980276134122288
433	1.0
434	1.0
435	1.0
436	1.0
437	1.0
438	1.0
439	1.0
440	0.9980276134122288
441	0.9960552268244576
442	0.9980276134122288
443	1.0
444	1.0
445	1.0
446	1.0
447	1.0
448	1.0
449	1.0
450	1.0
451	1.0
452	0.9980276134122288
453	1.0
454	1.0
455	1.0
456	1.0
457	1.0
458	1.0
459	1.0
460	1.0
461	1.0
462	1.0
463	1.0
464	0.9980276134122288
465	1.0
466	1.0
467	1.0
468	1.0
469	1.0
470	1.0
471	1.0
472	1.0
473	1.0
474	1.0
475	1.0
476	1.0
477	1.0
478	0.9980276134122288
479	1.0
480	1.0
481	1.0
482	0.9980276134122288
483	0.9980276134122288
484	1.0
485	1.0
486	0.9980276134122288
487	1.0
488	1.0
489	1.0
490	1.0
491	1.0
492	1.0
493	0.9960552268244576
494	1.0
495	0.9980276134122288
496	0.9960552268244576
497	1.0
498	0.9980276134122288
499	1.0
500	1.0
