1	0.003278688524590164
2	0.04918032786885246
3	0.07868852459016394
4	0.07540983606557378
5	0.09508196721311475
6	0.08852459016393442
7	0.09508196721311475
8	0.1180327868852459
9	0.11475409836065574
10	0.11147540983606558
11	0.12459016393442623
12	0.13114754098360656
13	0.14754098360655737
14	0.16065573770491803
15	0.15737704918032788
16	0.2
17	0.17704918032786884
18	0.17704918032786884
19	0.21311475409836064
20	0.21639344262295082
21	0.21967213114754097
22	0.2262295081967213
23	0.22950819672131148
24	0.22950819672131148
25	0.2459016393442623
26	0.2459016393442623
27	0.24918032786885247
28	0.2819672131147541
29	0.26557377049180325
30	0.26885245901639343
31	0.2459016393442623
32	0.3114754098360656
33	0.26229508196721313
34	0.26557377049180325
35	0.28524590163934427
36	0.2983606557377049
37	0.3180327868852459
38	0.3081967213114754
39	0.3180327868852459
40	0.3377049180327869
41	0.36721311475409835
42	0.36721311475409835
43	0.3770491803278688
44	0.40327868852459015
45	0.4
46	0.4065573770491803
47	0.43934426229508194
48	0.4491803278688525
49	0.4721311475409836
50	0.43278688524590164
51	0.49836065573770494
52	0.4491803278688525
53	0.5114754098360655
54	0.46229508196721314
55	0.49836065573770494
56	0.5081967213114754
57	0.4819672131147541
58	0.5081967213114754
59	0.4852459016393443
60	0.5278688524590164
61	0.5311475409836065
62	0.5409836065573771
63	0.5704918032786885
64	0.5967213114754099
65	0.5836065573770491
66	0.580327868852459
67	0.5901639344262295
68	0.5770491803278689
69	0.5836065573770491
70	0.5540983606557377
71	0.5770491803278689
72	0.5737704918032787
73	0.6032786885245902
74	0.5967213114754099
75	0.6163934426229508
76	0.6491803278688525
77	0.6491803278688525
78	0.6524590163934426
79	0.659016393442623
80	0.6819672131147541
81	0.6688524590163935
82	0.6754098360655738
83	0.6459016393442623
84	0.6721311475409836
85	0.7049180327868853
86	0.6491803278688525
87	0.6622950819672131
88	0.6918032786885245
89	0.6491803278688525
90	0.6426229508196721
91	0.6950819672131148
92	0.6557377049180327
93	0.6622950819672131
94	0.7180327868852459
95	0.6983606557377049
96	0.6983606557377049
97	0.7081967213114754
98	0.6918032786885245
99	0.7081967213114754
100	0.6950819672131148
101	0.6885245901639344
102	0.7081967213114754
103	0.6622950819672131
104	0.7213114754098361
105	0.7278688524590164
106	0.7377049180327869
107	0.7213114754098361
108	0.7213114754098361
109	0.6852459016393443
110	0.6983606557377049
111	0.7180327868852459
112	0.7475409836065574
113	0.7344262295081967
114	0.7836065573770492
115	0.7016393442622951
116	0.740983606557377
117	0.7540983606557377
118	0.7344262295081967
119	0.7508196721311475
120	0.7540983606557377
121	0.7573770491803279
122	0.7540983606557377
123	0.7540983606557377
124	0.740983606557377
125	0.7508196721311475
126	0.7639344262295082
127	0.7868852459016393
128	0.8065573770491803
129	0.8295081967213115
130	0.7704918032786885
131	0.7573770491803279
132	0.7639344262295082
133	0.760655737704918
134	0.7704918032786885
135	0.7672131147540984
136	0.7967213114754098
137	0.8163934426229508
138	0.8032786885245902
139	0.7934426229508197
140	0.8
141	0.8360655737704918
142	0.8065573770491803
143	0.8360655737704918
144	0.8295081967213115
145	0.7934426229508197
146	0.819672131147541
147	0.8229508196721311
148	0.7901639344262295
149	0.8327868852459016
150	0.8327868852459016
151	0.8786885245901639
152	0.8360655737704918
153	0.8426229508196721
154	0.8622950819672132
155	0.8557377049180328
156	0.8360655737704918
157	0.8459016393442623
158	0.8065573770491803
159	0.8327868852459016
160	0.8590163934426229
161	0.8491803278688524
162	0.8327868852459016
163	0.819672131147541
164	0.8295081967213115
165	0.8295081967213115
166	0.8754098360655738
167	0.8524590163934426
168	0.8491803278688524
169	0.8032786885245902
170	0.8360655737704918
171	0.8590163934426229
172	0.8459016393442623
173	0.8459016393442623
174	0.8721311475409836
175	0.8491803278688524
176	0.839344262295082
177	0.8360655737704918
178	0.8491803278688524
179	0.8721311475409836
180	0.839344262295082
181	0.8852459016393442
182	0.8524590163934426
183	0.8491803278688524
184	0.8229508196721311
185	0.8295081967213115
186	0.8852459016393442
187	0.8688524590163934
188	0.8360655737704918
189	0.8557377049180328
190	0.8524590163934426
191	0.8622950819672132
192	0.8655737704918033
193	0.8852459016393442
194	0.8950819672131147
195	0.8754098360655738
196	0.8786885245901639
197	0.8852459016393442
198	0.8950819672131147
199	0.8918032786885246
200	0.8885245901639345
201	0.8360655737704918
202	0.8819672131147541
203	0.8721311475409836
204	0.8655737704918033
205	0.8721311475409836
206	0.8721311475409836
207	0.8885245901639345
208	0.8786885245901639
209	0.9016393442622951
210	0.898360655737705
211	0.9114754098360656
212	0.898360655737705
213	0.8918032786885246
214	0.9081967213114754
215	0.8819672131147541
216	0.8950819672131147
217	0.9245901639344263
218	0.8950819672131147
219	0.9016393442622951
220	0.9049180327868852
221	0.898360655737705
222	0.9377049180327869
223	0.898360655737705
224	0.8852459016393442
225	0.8885245901639345
226	0.8557377049180328
227	0.9049180327868852
228	0.8622950819672132
229	0.8918032786885246
230	0.8852459016393442
231	0.8655737704918033
232	0.9114754098360656
233	0.9049180327868852
234	0.898360655737705
235	0.898360655737705
236	0.9016393442622951
237	0.9311475409836065
238	0.8885245901639345
239	0.9114754098360656
240	0.9147540983606557
241	0.921311475409836
242	0.9114754098360656
243	0.9016393442622951
244	0.9049180327868852
245	0.9049180327868852
246	0.898360655737705
247	0.9114754098360656
248	0.9245901639344263
249	0.8918032786885246
250	0.8852459016393442
251	0.9114754098360656
252	0.8950819672131147
253	0.9180327868852459
254	0.9016393442622951
255	0.9147540983606557
256	0.9114754098360656
257	0.9278688524590164
258	0.9475409836065574
259	0.9147540983606557
260	0.8885245901639345
261	0.9049180327868852
262	0.9311475409836065
263	0.9442622950819672
264	0.9081967213114754
265	0.9180327868852459
266	0.9114754098360656
267	0.9114754098360656
268	0.9081967213114754
269	0.9016393442622951
270	0.9081967213114754
271	0.9081967213114754
272	0.898360655737705
273	0.9049180327868852
274	0.921311475409836
275	0.9180327868852459
276	0.9245901639344263
277	0.9114754098360656
278	0.9508196721311475
279	0.9344262295081968
280	0.9508196721311475
281	0.9475409836065574
282	0.9114754098360656
283	0.921311475409836
284	0.9245901639344263
285	0.9344262295081968
286	0.9081967213114754
287	0.9245901639344263
288	0.9442622950819672
289	0.9377049180327869
290	0.9311475409836065
291	0.9508196721311475
292	0.9573770491803278
293	0.9278688524590164
294	0.921311475409836
295	0.9573770491803278
296	0.9639344262295082
297	0.940983606557377
298	0.9245901639344263
299	0.9344262295081968
300	0.921311475409836
301	0.9311475409836065
302	0.9377049180327869
303	0.9377049180327869
304	0.9278688524590164
305	0.9508196721311475
306	0.9245901639344263
307	0.9081967213114754
308	0.9311475409836065
309	0.9245901639344263
310	0.9344262295081968
311	0.9639344262295082
312	0.940983606557377
313	0.9245901639344263
314	0.9311475409836065
315	0.9344262295081968
316	0.9475409836065574
317	0.9344262295081968
318	0.9344262295081968
319	0.940983606557377
320	0.9311475409836065
321	0.9245901639344263
322	0.9377049180327869
323	0.921311475409836
324	0.9147540983606557
325	0.9442622950819672
326	0.9377049180327869
327	0.9508196721311475
328	0.9344262295081968
329	0.9377049180327869
330	0.940983606557377
331	0.9508196721311475
332	0.9475409836065574
333	0.9672131147540983
334	0.9540983606557377
335	0.9508196721311475
336	0.9377049180327869
337	0.940983606557377
338	0.9442622950819672
339	0.9540983606557377
340	0.9573770491803278
341	0.9573770491803278
342	0.9540983606557377
343	0.9278688524590164
344	0.9737704918032787
345	0.9606557377049181
346	0.940983606557377
347	0.9672131147540983
348	0.9639344262295082
349	0.9508196721311475
350	0.9508196721311475
351	0.9442622950819672
352	0.9672131147540983
353	0.9704918032786886
354	0.9573770491803278
355	0.9606557377049181
356	0.9475409836065574
357	0.9475409836065574
358	0.9540983606557377
359	0.9377049180327869
360	0.9606557377049181
361	0.9540983606557377
362	0.9475409836065574
363	0.9737704918032787
364	0.9311475409836065
365	0.9573770491803278
366	0.9540983606557377
367	0.9573770491803278
368	0.9442622950819672
369	0.9540983606557377
370	0.9442622950819672
371	0.940983606557377
372	0.9639344262295082
373	0.9508196721311475
374	0.9639344262295082
375	0.9606557377049181
376	0.9704918032786886
377	0.9737704918032787
378	0.9606557377049181
379	0.9540983606557377
380	0.9475409836065574
381	0.9639344262295082
382	0.9606557377049181
383	0.9540983606557377
384	0.9508196721311475
385	0.9475409836065574
386	0.9573770491803278
387	0.9639344262295082
388	0.9573770491803278
389	0.9344262295081968
390	0.9737704918032787
391	0.9508196721311475
392	0.9573770491803278
393	0.9311475409836065
394	0.9737704918032787
395	0.9737704918032787
396	0.9639344262295082
397	0.940983606557377
398	0.9704918032786886
399	0.9639344262295082
400	0.9672131147540983
401	0.9704918032786886
402	0.9573770491803278
403	0.9704918032786886
404	0.9508196721311475
405	0.980327868852459
406	0.9836065573770492
407	0.9868852459016394
408	0.9639344262295082
409	0.9704918032786886
410	0.9606557377049181
411	0.9639344262295082
412	0.9770491803278688
413	0.9770491803278688
414	0.9737704918032787
415	0.9737704918032787
416	0.9704918032786886
417	0.9672131147540983
418	0.980327868852459
419	0.9770491803278688
420	0.9737704918032787
421	0.9770491803278688
422	0.9606557377049181
423	0.9770491803278688
424	0.9868852459016394
425	0.9901639344262295
426	0.9836065573770492
427	0.9672131147540983
428	0.9475409836065574
429	0.9704918032786886
430	0.9639344262295082
431	0.9606557377049181
432	0.9737704918032787
433	0.9770491803278688
434	0.9704918032786886
435	0.9737704918032787
436	0.9704918032786886
437	0.9770491803278688
438	0.9737704918032787
439	0.9737704918032787
440	0.9770491803278688
441	0.980327868852459
442	0.9672131147540983
443	0.9770491803278688
444	0.9868852459016394
445	0.9737704918032787
446	0.9540983606557377
447	0.9770491803278688
448	0.9606557377049181
449	0.9868852459016394
450	0.9836065573770492
451	0.9901639344262295
452	0.9836065573770492
453	0.9770491803278688
454	0.980327868852459
455	0.9704918032786886
456	0.9737704918032787
457	0.980327868852459
458	0.9672131147540983
459	0.9737704918032787
460	0.9672131147540983
461	0.9704918032786886
462	0.9672131147540983
463	0.980327868852459
464	0.9770491803278688
465	0.9934426229508196
466	0.9704918032786886
467	0.980327868852459
468	0.9672131147540983
469	0.980327868852459
470	0.9704918032786886
471	0.9737704918032787
472	0.9868852459016394
473	0.980327868852459
474	0.9639344262295082
475	0.980327868852459
476	0.980327868852459
477	0.9508196721311475
478	0.9704918032786886
479	0.9672131147540983
480	0.9639344262295082
481	0.9672131147540983
482	0.9836065573770492
483	0.9770491803278688
484	0.9606557377049181
485	0.9508196721311475
486	0.9704918032786886
487	0.9770491803278688
488	0.9639344262295082
489	0.9639344262295082
490	0.9606557377049181
491	0.9704918032786886
492	0.9770491803278688
493	0.980327868852459
494	0.9770491803278688
495	0.980327868852459
496	0.9836065573770492
497	0.9639344262295082
498	0.9901639344262295
499	0.980327868852459
500	0.9770491803278688
501	0.980327868852459
502	0.9639344262295082
503	0.9704918032786886
504	0.9836065573770492
505	0.9672131147540983
506	0.9737704918032787
507	0.9770491803278688
508	0.9737704918032787
509	0.9770491803278688
510	0.9737704918032787
511	0.9639344262295082
512	0.980327868852459
513	0.9868852459016394
514	0.980327868852459
515	0.9868852459016394
516	0.980327868852459
517	0.9737704918032787
518	0.9704918032786886
519	0.9770491803278688
520	0.9868852459016394
521	0.9606557377049181
522	0.9704918032786886
523	0.9704918032786886
524	0.980327868852459
525	0.9836065573770492
526	0.980327868852459
527	0.9672131147540983
528	0.9836065573770492
529	0.980327868852459
530	0.9573770491803278
531	0.9704918032786886
532	0.9704918032786886
533	0.9836065573770492
534	0.9737704918032787
535	0.980327868852459
536	0.980327868852459
537	0.9836065573770492
538	0.9639344262295082
539	0.9672131147540983
540	0.9704918032786886
541	0.980327868852459
542	0.9737704918032787
543	0.9770491803278688
544	0.980327868852459
545	0.9737704918032787
546	0.9737704918032787
547	0.9836065573770492
548	0.980327868852459
549	0.980327868852459
550	0.9836065573770492
551	0.9770491803278688
552	0.980327868852459
553	0.980327868852459
554	0.980327868852459
555	0.9868852459016394
556	0.9868852459016394
557	0.9639344262295082
558	0.9540983606557377
559	0.9704918032786886
560	0.9836065573770492
561	0.9737704918032787
562	0.9770491803278688
563	0.9770491803278688
564	0.9967213114754099
565	0.9770491803278688
566	0.9672131147540983
567	0.9704918032786886
568	0.9868852459016394
569	0.9672131147540983
570	0.9672131147540983
571	0.9704918032786886
572	0.9737704918032787
573	0.9836065573770492
574	0.9639344262295082
575	0.9770491803278688
576	0.9672131147540983
577	0.9770491803278688
578	0.9737704918032787
579	0.9934426229508196
580	0.980327868852459
581	0.9868852459016394
582	0.9704918032786886
583	0.980327868852459
584	0.9836065573770492
585	0.9737704918032787
586	0.9737704918032787
587	0.9737704918032787
588	0.9868852459016394
589	0.9606557377049181
590	0.9606557377049181
591	0.9770491803278688
592	0.9704918032786886
593	0.9770491803278688
594	0.9770491803278688
595	0.9672131147540983
596	0.9639344262295082
597	0.9770491803278688
598	0.980327868852459
599	0.9770491803278688
600	0.9606557377049181
601	0.9770491803278688
602	0.9672131147540983
603	0.9704918032786886
604	0.9704918032786886
605	0.9737704918032787
606	0.9770491803278688
607	0.9639344262295082
608	0.9639344262295082
609	0.9770491803278688
610	0.9639344262295082
611	0.9836065573770492
612	0.9868852459016394
613	0.9836065573770492
614	0.9704918032786886
615	0.9704918032786886
616	0.9868852459016394
617	0.9868852459016394
618	0.980327868852459
619	0.9868852459016394
620	0.9737704918032787
621	0.9901639344262295
622	0.9770491803278688
623	0.9868852459016394
624	0.9606557377049181
625	0.9737704918032787
626	0.9737704918032787
627	0.9934426229508196
628	0.9704918032786886
629	0.9836065573770492
630	0.9770491803278688
631	0.9901639344262295
632	0.9836065573770492
633	0.9836065573770492
634	0.9868852459016394
635	0.9868852459016394
636	0.9770491803278688
637	0.9770491803278688
638	0.9934426229508196
639	0.9836065573770492
640	0.9770491803278688
641	0.9934426229508196
642	0.980327868852459
643	0.9836065573770492
644	0.9934426229508196
645	0.9836065573770492
646	0.9868852459016394
647	0.980327868852459
648	0.9770491803278688
649	0.9836065573770492
650	0.9836065573770492
651	0.9836065573770492
652	0.9836065573770492
653	0.9868852459016394
654	0.9836065573770492
655	0.9868852459016394
656	0.9901639344262295
657	0.9704918032786886
658	0.9868852459016394
659	0.9836065573770492
660	0.9967213114754099
661	0.9934426229508196
662	0.980327868852459
663	0.980327868852459
664	0.9836065573770492
665	0.9836065573770492
666	0.9836065573770492
667	0.980327868852459
668	0.9901639344262295
669	0.9770491803278688
670	0.9868852459016394
671	0.9770491803278688
672	0.9836065573770492
673	0.9836065573770492
674	0.9901639344262295
675	0.9868852459016394
676	0.9836065573770492
677	0.9934426229508196
678	0.9901639344262295
679	0.9836065573770492
680	0.9770491803278688
681	0.9836065573770492
682	0.980327868852459
683	0.9934426229508196
684	0.9836065573770492
685	0.9704918032786886
686	0.9770491803278688
687	0.9737704918032787
688	0.9770491803278688
689	0.9901639344262295
690	0.9868852459016394
691	0.9868852459016394
692	0.9770491803278688
693	0.9836065573770492
694	0.9868852459016394
695	0.9901639344262295
696	0.9901639344262295
697	0.9868852459016394
698	0.9770491803278688
699	0.9770491803278688
700	0.9868852459016394
701	0.9737704918032787
702	0.9704918032786886
703	0.9573770491803278
704	0.9704918032786886
705	0.9836065573770492
706	0.980327868852459
707	0.9836065573770492
708	0.9934426229508196
709	0.9737704918032787
710	1.0
711	0.9836065573770492
712	0.980327868852459
713	0.9901639344262295
714	0.980327868852459
715	0.9901639344262295
716	0.9770491803278688
717	0.9836065573770492
718	0.9770491803278688
719	0.9836065573770492
720	0.9836065573770492
721	0.9770491803278688
722	0.9737704918032787
723	0.9704918032786886
724	0.9770491803278688
725	0.9868852459016394
726	0.9868852459016394
727	0.9770491803278688
728	0.9704918032786886
729	0.9868852459016394
730	0.980327868852459
731	0.9836065573770492
732	0.9868852459016394
733	0.9836065573770492
734	0.9967213114754099
735	0.9836065573770492
736	0.9934426229508196
737	0.9836065573770492
738	0.980327868852459
739	0.9967213114754099
740	0.9836065573770492
741	0.9868852459016394
742	0.9737704918032787
743	0.9836065573770492
744	0.980327868852459
745	0.9868852459016394
746	0.9836065573770492
747	0.9836065573770492
748	0.980327868852459
749	0.980327868852459
750	0.9868852459016394
751	0.9868852459016394
752	0.9934426229508196
753	0.980327868852459
754	0.9901639344262295
755	0.9901639344262295
756	0.9934426229508196
757	0.9967213114754099
758	0.9934426229508196
759	0.9901639344262295
760	0.9934426229508196
761	0.9967213114754099
762	0.9934426229508196
763	0.9934426229508196
764	0.9934426229508196
765	0.9967213114754099
766	0.9836065573770492
767	0.9967213114754099
768	0.9901639344262295
769	0.9967213114754099
770	0.9934426229508196
771	0.9901639344262295
772	0.9967213114754099
773	0.9901639344262295
774	0.9901639344262295
775	0.9836065573770492
776	0.9868852459016394
777	0.9934426229508196
778	0.980327868852459
779	0.9868852459016394
780	0.9901639344262295
781	0.9836065573770492
782	0.9967213114754099
783	0.9934426229508196
784	0.9836065573770492
785	0.9901639344262295
786	0.9934426229508196
787	0.9770491803278688
788	0.9934426229508196
789	0.9868852459016394
790	0.980327868852459
791	0.9901639344262295
792	0.9901639344262295
793	0.9901639344262295
794	0.980327868852459
795	0.9901639344262295
796	0.9934426229508196
797	0.9836065573770492
798	0.9934426229508196
799	0.9901639344262295
800	0.9901639344262295
801	0.9868852459016394
802	0.980327868852459
803	0.9901639344262295
804	0.9901639344262295
805	0.9934426229508196
806	0.9901639344262295
807	0.9967213114754099
808	0.9934426229508196
809	0.9934426229508196
810	0.9934426229508196
811	0.9901639344262295
812	0.980327868852459
813	0.9934426229508196
814	0.9967213114754099
815	0.9967213114754099
816	0.9901639344262295
817	0.9868852459016394
818	0.9967213114754099
819	0.9967213114754099
820	0.9967213114754099
821	0.9934426229508196
822	0.9737704918032787
823	0.9901639344262295
824	0.9868852459016394
825	0.9967213114754099
826	0.9934426229508196
827	0.9934426229508196
828	0.9934426229508196
829	0.9967213114754099
830	0.9901639344262295
831	1.0
832	0.9967213114754099
833	0.9901639344262295
834	1.0
835	1.0
836	0.9934426229508196
837	0.9934426229508196
838	0.9868852459016394
839	0.9934426229508196
840	0.9934426229508196
841	0.9967213114754099
842	0.9934426229508196
843	0.9934426229508196
844	0.9967213114754099
845	0.9934426229508196
846	0.9934426229508196
847	0.9967213114754099
848	0.9967213114754099
849	1.0
850	0.9934426229508196
851	0.9967213114754099
852	0.9967213114754099
853	0.9868852459016394
854	0.9967213114754099
855	1.0
856	1.0
857	0.9967213114754099
858	0.9901639344262295
859	0.9967213114754099
860	0.9967213114754099
861	0.9934426229508196
862	0.9836065573770492
863	0.9836065573770492
864	0.9901639344262295
865	0.9901639344262295
866	0.9967213114754099
867	0.9737704918032787
868	0.9836065573770492
869	0.9868852459016394
870	0.9868852459016394
871	0.9901639344262295
872	0.9934426229508196
873	0.9967213114754099
874	0.9901639344262295
875	1.0
876	0.9934426229508196
877	0.9967213114754099
878	1.0
879	0.9967213114754099
880	1.0
881	0.9934426229508196
882	0.9967213114754099
883	0.9934426229508196
884	0.9967213114754099
885	0.9967213114754099
886	0.9934426229508196
887	0.9934426229508196
888	0.9967213114754099
889	0.9967213114754099
890	1.0
891	0.9967213114754099
892	1.0
893	0.9934426229508196
894	0.9934426229508196
895	0.9901639344262295
896	1.0
897	1.0
898	0.9967213114754099
899	0.9901639344262295
900	0.9967213114754099
901	0.9967213114754099
902	1.0
903	1.0
904	0.9967213114754099
905	0.9934426229508196
906	0.9967213114754099
907	0.9967213114754099
908	1.0
909	0.9967213114754099
910	1.0
911	1.0
912	1.0
913	0.9967213114754099
914	1.0
915	1.0
916	1.0
917	0.9934426229508196
918	1.0
919	1.0
920	0.9967213114754099
921	1.0
922	1.0
923	1.0
924	0.9934426229508196
925	0.9934426229508196
926	1.0
927	0.9934426229508196
928	0.9967213114754099
929	0.9967213114754099
930	0.9967213114754099
931	0.9901639344262295
932	1.0
933	0.9967213114754099
934	0.9967213114754099
935	1.0
936	0.9967213114754099
937	0.9967213114754099
938	0.9934426229508196
939	1.0
940	0.9967213114754099
941	1.0
942	1.0
943	1.0
944	1.0
945	1.0
946	0.9967213114754099
947	1.0
948	1.0
949	0.9934426229508196
950	1.0
951	0.9934426229508196
952	1.0
953	1.0
954	0.9967213114754099
955	1.0
956	0.9901639344262295
957	1.0
958	0.9967213114754099
959	0.9967213114754099
960	0.9967213114754099
961	0.9934426229508196
962	1.0
963	0.9967213114754099
964	1.0
965	1.0
966	1.0
967	1.0
968	1.0
969	1.0
970	0.9967213114754099
971	0.9934426229508196
972	0.9901639344262295
973	0.9967213114754099
974	0.9967213114754099
975	0.9934426229508196
976	0.9934426229508196
977	0.9967213114754099
978	0.9901639344262295
979	0.9934426229508196
980	0.9967213114754099
981	0.9967213114754099
982	1.0
983	1.0
984	0.9934426229508196
985	0.9934426229508196
986	1.0
987	1.0
988	1.0
989	0.9934426229508196
990	1.0
991	1.0
992	1.0
993	1.0
994	0.9967213114754099
995	0.9967213114754099
996	1.0
997	1.0
998	1.0
999	1.0
1000	0.9967213114754099
