1	0.004214963119072708
2	0.008429926238145416
3	0.012644889357218124
4	0.012644889357218124
5	0.012644889357218124
6	0.0136986301369863
7	0.023182297154899896
8	0.02107481559536354
9	0.02845100105374078
10	0.03161222339304531
11	0.03477344573234984
12	0.0368809272918862
13	0.04952581664910432
14	0.05584826132771338
15	0.0642781875658588
16	0.06743940990516333
17	0.0779768177028451
18	0.07692307692307693
19	0.0821917808219178
20	0.08324552160168598
21	0.09483667017913593
22	0.09272918861959958
23	0.09062170706006323
24	0.101159114857745
25	0.11169652265542676
26	0.12012644889357219
27	0.12644889357218125
28	0.12118018967334036
29	0.13382507903055849
30	0.13909378292939936
31	0.13909378292939936
32	0.15911485774499473
33	0.17386722866174922
34	0.17702845100105374
35	0.18018967334035826
36	0.17702845100105374
37	0.1791359325605901
38	0.22128556375131717
39	0.22233930453108536
40	0.20126448893572182
41	0.22866174920969443
42	0.23919915700737618
43	0.220231822971549
44	0.22233930453108536
45	0.2434141201264489
46	0.2507903055848261
47	0.2528977871443625
48	0.2665964172813488
49	0.2655426765015806
50	0.27502634351949423
51	0.26343519494204426
52	0.2813487881981033
53	0.2929399367755532
54	0.31822971548998946
55	0.3076923076923077
56	0.3066385669125395
57	0.3129610115911486
58	0.303477344573235
59	0.3287671232876712
60	0.3171759747102213
61	0.3266596417281349
62	0.31822971548998946
63	0.3329820864067439
64	0.35511064278187565
65	0.34562697576396206
66	0.3498419388830348
67	0.36459430979978924
68	0.37302423603793466
69	0.3519494204425711
70	0.37407797681770283
71	0.3698630136986301
72	0.3793466807165437
73	0.3909378292939937
74	0.40252897787144365
75	0.4204425711275026
76	0.4088514225500527
77	0.40990516332982085
78	0.40147523709167543
79	0.41517386722866173
80	0.41517386722866173
81	0.40990516332982085
82	0.4351949420442571
83	0.422550052687039
84	0.4383561643835616
85	0.42360379346680715
86	0.4446786090621707
87	0.4636459430979979
88	0.42781875658587987
89	0.422550052687039
90	0.4499473129610116
91	0.4488935721812434
92	0.46048472075869334
93	0.45626975763962063
94	0.47523709167544786
95	0.47102212855637515
96	0.46469968387776606
97	0.4857744994731296
98	0.4657534246575342
99	0.48788198103266595
100	0.4773445732349842
101	0.5163329820864068
102	0.5279241306638567
103	0.505795574288725
104	0.523709167544784
105	0.5005268703898841
106	0.5331928345626976
107	0.5110642781875658
108	0.5184404636459431
109	0.5068493150684932
110	0.5163329820864068
111	0.5194942044257113
112	0.5216016859852476
113	0.5500526870389885
114	0.5395152792413066
115	0.5310853530031612
116	0.5363540569020021
117	0.5426765015806112
118	0.5511064278187566
119	0.547945205479452
120	0.5489989462592202
121	0.5384615384615384
122	0.5679662802950474
123	0.5626975763962065
124	0.571127502634352
125	0.553213909378293
126	0.5521601685985248
127	0.5795574288724974
128	0.5964172813487882
129	0.5721812434141201
130	0.5900948366701791
131	0.5785036880927292
132	0.5900948366701791
133	0.5995785036880927
134	0.5985247629083246
135	0.5943097997892518
136	0.5943097997892518
137	0.6090621707060063
138	0.6037934668071654
139	0.6185458377239199
140	0.6480505795574288
141	0.6185458377239199
142	0.6080084299262382
143	0.6259220231822972
144	0.6343519494204426
145	0.6396206533192834
146	0.649104320337197
147	0.6543730242360379
148	0.6375131717597471
149	0.6480505795574288
150	0.6375131717597471
151	0.6480505795574288
152	0.6469968387776607
153	0.6554267650158061
154	0.6533192834562698
155	0.6469968387776607
156	0.6575342465753424
157	0.6512118018967334
158	0.6701791359325606
159	0.6765015806111696
160	0.6701791359325606
161	0.6628029504741834
162	0.690200210748156
163	0.6828240252897787
164	0.672286617492097
165	0.6923076923076923
166	0.6828240252897787
167	0.6743940990516333
168	0.6870389884088515
169	0.702845100105374
170	0.6870389884088515
171	0.6954689146469969
172	0.6923076923076923
173	0.6933614330874605
174	0.6891464699683878
175	0.6996838777660696
176	0.7007376185458377
177	0.7154899894625922
178	0.7376185458377239
179	0.7091675447839831
180	0.7133825079030558
181	0.7123287671232876
182	0.7397260273972602
183	0.7144362486828241
184	0.7123287671232876
185	0.7112750263435195
186	0.7302423603793466
187	0.6986301369863014
188	0.6828240252897787
189	0.702845100105374
190	0.726027397260274
191	0.7207586933614331
192	0.7133825079030558
193	0.7154899894625922
194	0.7144362486828241
195	0.7270811380400422
196	0.7239199157007377
197	0.7239199157007377
198	0.7365648050579557
199	0.7017913593256059
200	0.7302423603793466
201	0.7007376185458377
202	0.7386722866174921
203	0.7239199157007377
204	0.7207586933614331
205	0.7070600632244468
206	0.7123287671232876
207	0.7312961011591148
208	0.7428872497365648
209	0.7070600632244468
210	0.7597471022128557
211	0.7660695468914647
212	0.7376185458377239
213	0.7418335089567967
214	0.7334035827186512
215	0.7365648050579557
216	0.7312961011591148
217	0.7597471022128557
218	0.7734457323498419
219	0.7692307692307693
220	0.7492096944151738
221	0.7713382507903056
222	0.7428872497365648
223	0.7471022128556375
224	0.7597471022128557
225	0.7713382507903056
226	0.7460484720758693
227	0.7597471022128557
228	0.7713382507903056
229	0.7555321390937829
230	0.7534246575342466
231	0.7776606954689147
232	0.7839831401475237
233	0.7565858798735511
234	0.7766069546891464
235	0.7597471022128557
236	0.7629083245521602
237	0.7492096944151738
238	0.78609062170706
239	0.7723919915700738
240	0.7766069546891464
241	0.7955742887249737
242	0.78609062170706
243	0.7892518440463646
244	0.804004214963119
245	0.7955742887249737
246	0.7913593256059009
247	0.7955742887249737
248	0.7913593256059009
249	0.8018967334035827
250	0.804004214963119
251	0.804004214963119
252	0.8071654373024236
253	0.7966280295047419
254	0.8113804004214963
255	0.8124341412012644
256	0.8134878819810326
257	0.8303477344573235
258	0.8082191780821918
259	0.8292939936775553
260	0.8166491043203372
261	0.8261327713382508
262	0.8314014752370916
263	0.827186512118019
264	0.8387776606954689
265	0.8314014752370916
266	0.8377239199157007
267	0.8514225500526871
268	0.8303477344573235
269	0.8587987355110642
270	0.8609062170706007
271	0.8461538461538461
272	0.8429926238145417
273	0.845100105374078
274	0.8556375131717597
275	0.8429926238145417
276	0.8366701791359326
277	0.839831401475237
278	0.8408851422550052
279	0.8472075869336143
280	0.8429926238145417
281	0.8587987355110642
282	0.8672286617492097
283	0.8566912539515279
284	0.8461538461538461
285	0.8788198103266597
286	0.8682824025289779
287	0.8640674394099052
288	0.8767123287671232
289	0.8672286617492097
290	0.8651211801896733
291	0.8703898840885143
292	0.8777660695468915
293	0.8788198103266597
294	0.8851422550052687
295	0.8893572181243414
296	0.863013698630137
297	0.8661749209694415
298	0.8935721812434141
299	0.8872497365648051
300	0.8925184404636459
301	0.8925184404636459
302	0.9062170706006323
303	0.8956796628029505
304	0.8893572181243414
305	0.8851422550052687
306	0.8735511064278187
307	0.8946259220231823
308	0.8798735511064278
309	0.8967334035827187
310	0.898840885142255
311	0.8861959957850368
312	0.8998946259220232
313	0.898840885142255
314	0.9104320337197049
315	0.8861959957850368
316	0.8977871443624869
317	0.8840885142255005
318	0.9041095890410958
319	0.8956796628029505
320	0.8840885142255005
321	0.916754478398314
322	0.9104320337197049
323	0.9104320337197049
324	0.8872497365648051
325	0.8925184404636459
326	0.9051633298208641
327	0.9030558482613277
328	0.9083245521601686
329	0.9062170706006323
330	0.9093782929399368
331	0.9030558482613277
332	0.8925184404636459
333	0.9241306638566913
334	0.9146469968387777
335	0.9178082191780822
336	0.9093782929399368
337	0.9072708113804004
338	0.9104320337197049
339	0.9135932560590094
340	0.9104320337197049
341	0.9093782929399368
342	0.9125395152792413
343	0.9062170706006323
344	0.9230769230769231
345	0.9199157007376185
346	0.9262381454162276
347	0.9135932560590094
348	0.9104320337197049
349	0.916754478398314
350	0.9093782929399368
351	0.9114857744994731
352	0.9135932560590094
353	0.928345626975764
354	0.9125395152792413
355	0.9209694415173867
356	0.9230769230769231
357	0.9220231822971549
358	0.9315068493150684
359	0.9262381454162276
360	0.9178082191780822
361	0.916754478398314
362	0.9357218124341412
363	0.9304531085353003
364	0.9230769230769231
365	0.9304531085353003
366	0.916754478398314
367	0.9336143308746049
368	0.928345626975764
369	0.9357218124341412
370	0.9325605900948367
371	0.9251844046364595
372	0.9262381454162276
373	0.9430979978925185
374	0.9315068493150684
375	0.9272918861959958
376	0.9378292939936775
377	0.9262381454162276
378	0.9209694415173867
379	0.9220231822971549
380	0.9135932560590094
381	0.9304531085353003
382	0.934668071654373
383	0.9272918861959958
384	0.9399367755532139
385	0.9378292939936775
386	0.9367755532139094
387	0.9241306638566913
388	0.9220231822971549
389	0.9378292939936775
390	0.9430979978925185
391	0.9378292939936775
392	0.9483667017913593
393	0.9293993677555321
394	0.9473129610115911
395	0.9441517386722866
396	0.9135932560590094
397	0.9452054794520548
398	0.9388830347734457
399	0.9241306638566913
400	0.9388830347734457
401	0.9367755532139094
402	0.9441517386722866
403	0.9441517386722866
404	0.946259220231823
405	0.9209694415173867
406	0.9430979978925185
407	0.9367755532139094
408	0.9430979978925185
409	0.9388830347734457
410	0.9525816649104321
411	0.9546891464699684
412	0.9473129610115911
413	0.9515279241306639
414	0.9272918861959958
415	0.9409905163329821
416	0.934668071654373
417	0.9357218124341412
418	0.9473129610115911
419	0.9567966280295047
420	0.946259220231823
421	0.9494204425711275
422	0.9378292939936775
423	0.9494204425711275
424	0.946259220231823
425	0.9452054794520548
426	0.9420442571127503
427	0.9546891464699684
428	0.9546891464699684
429	0.946259220231823
430	0.9578503688092729
431	0.9378292939936775
432	0.946259220231823
433	0.9525816649104321
434	0.946259220231823
435	0.9494204425711275
436	0.9378292939936775
437	0.946259220231823
438	0.9494204425711275
439	0.9536354056902002
440	0.9557428872497366
441	0.934668071654373
442	0.958904109589041
443	0.946259220231823
444	0.9546891464699684
445	0.946259220231823
446	0.9536354056902002
447	0.9525816649104321
448	0.9546891464699684
449	0.9504741833508957
450	0.9557428872497366
451	0.9536354056902002
452	0.9599578503688093
453	0.958904109589041
454	0.9620653319283456
455	0.9578503688092729
456	0.9504741833508957
457	0.9567966280295047
458	0.9557428872497366
459	0.9494204425711275
460	0.9715489989462592
461	0.946259220231823
462	0.964172813487882
463	0.9610115911485775
464	0.9525816649104321
465	0.9504741833508957
466	0.9557428872497366
467	0.9546891464699684
468	0.9567966280295047
469	0.9662802950474183
470	0.9557428872497366
471	0.9631190727081138
472	0.9557428872497366
473	0.9694415173867229
474	0.958904109589041
475	0.9631190727081138
476	0.9557428872497366
477	0.9504741833508957
478	0.9599578503688093
479	0.9578503688092729
480	0.9683877766069547
481	0.964172813487882
482	0.9515279241306639
483	0.9736564805057956
484	0.9483667017913593
485	0.9578503688092729
486	0.9567966280295047
487	0.9578503688092729
488	0.958904109589041
489	0.9715489989462592
490	0.9715489989462592
491	0.9683877766069547
492	0.9536354056902002
493	0.9715489989462592
494	0.9652265542676501
495	0.9683877766069547
496	0.9652265542676501
497	0.9704952581664911
498	0.9599578503688093
499	0.9578503688092729
500	0.9726027397260274
501	0.9673340358271865
502	0.958904109589041
503	0.9599578503688093
504	0.9599578503688093
505	0.9620653319283456
506	0.9726027397260274
507	0.9662802950474183
508	0.9494204425711275
509	0.9620653319283456
510	0.9631190727081138
511	0.9683877766069547
512	0.958904109589041
513	0.9662802950474183
514	0.9620653319283456
515	0.9631190727081138
516	0.9673340358271865
517	0.9652265542676501
518	0.9631190727081138
519	0.9736564805057956
520	0.9662802950474183
521	0.9683877766069547
522	0.9599578503688093
523	0.9673340358271865
524	0.9778714436248683
525	0.9736564805057956
526	0.9715489989462592
527	0.9610115911485775
528	0.9673340358271865
529	0.9673340358271865
530	0.9515279241306639
531	0.9673340358271865
532	0.9726027397260274
533	0.9567966280295047
534	0.9715489989462592
535	0.9726027397260274
536	0.9704952581664911
537	0.9673340358271865
538	0.9810326659641728
539	0.9652265542676501
540	0.9620653319283456
541	0.9726027397260274
542	0.9704952581664911
543	0.9610115911485775
544	0.9610115911485775
545	0.9694415173867229
546	0.9789251844046365
547	0.9631190727081138
548	0.964172813487882
549	0.9673340358271865
550	0.9778714436248683
551	0.9536354056902002
552	0.9610115911485775
553	0.9715489989462592
554	0.9610115911485775
555	0.9715489989462592
556	0.9683877766069547
557	0.9789251844046365
558	0.9652265542676501
559	0.9736564805057956
560	0.9662802950474183
561	0.9683877766069547
562	0.9736564805057956
563	0.9704952581664911
564	0.9662802950474183
565	0.9736564805057956
566	0.9747102212855637
567	0.9715489989462592
568	0.9715489989462592
569	0.9683877766069547
570	0.9652265542676501
571	0.9673340358271865
572	0.9799789251844047
573	0.9662802950474183
574	0.9726027397260274
575	0.9789251844046365
576	0.9768177028451
577	0.9631190727081138
578	0.9673340358271865
579	0.9652265542676501
580	0.9694415173867229
581	0.9704952581664911
582	0.9599578503688093
583	0.9715489989462592
584	0.9683877766069547
585	0.9726027397260274
586	0.9747102212855637
587	0.9599578503688093
588	0.9662802950474183
589	0.9704952581664911
590	0.9768177028451
591	0.9757639620653319
592	0.9778714436248683
593	0.964172813487882
594	0.9694415173867229
595	0.9620653319283456
596	0.9525816649104321
597	0.9662802950474183
598	0.9715489989462592
599	0.9694415173867229
600	0.9789251844046365
601	0.9662802950474183
602	0.9778714436248683
603	0.9726027397260274
604	0.9662802950474183
605	0.9726027397260274
606	0.9694415173867229
607	0.9726027397260274
608	0.9578503688092729
609	0.9715489989462592
610	0.9726027397260274
611	0.9757639620653319
612	0.9673340358271865
613	0.9789251844046365
614	0.9736564805057956
615	0.9652265542676501
616	0.982086406743941
617	0.9715489989462592
618	0.9704952581664911
619	0.9768177028451
620	0.9704952581664911
621	0.9704952581664911
622	0.9704952581664911
623	0.9768177028451
624	0.9683877766069547
625	0.9736564805057956
626	0.9757639620653319
627	0.9726027397260274
628	0.9799789251844047
629	0.9683877766069547
630	0.9620653319283456
631	0.9694415173867229
632	0.9673340358271865
633	0.9757639620653319
634	0.9610115911485775
635	0.9852476290832455
636	0.9694415173867229
637	0.9726027397260274
638	0.9704952581664911
639	0.9662802950474183
640	0.9726027397260274
641	0.9704952581664911
642	0.9768177028451
643	0.9683877766069547
644	0.9715489989462592
645	0.9799789251844047
646	0.9662802950474183
647	0.9747102212855637
648	0.9768177028451
649	0.9789251844046365
650	0.9683877766069547
651	0.9683877766069547
652	0.9810326659641728
653	0.9810326659641728
654	0.9694415173867229
655	0.9620653319283456
656	0.9631190727081138
657	0.9715489989462592
658	0.9747102212855637
659	0.9768177028451
660	0.9704952581664911
661	0.9736564805057956
662	0.9747102212855637
663	0.9768177028451
664	0.9610115911485775
665	0.9736564805057956
666	0.9694415173867229
667	0.9747102212855637
668	0.9652265542676501
669	0.9631190727081138
670	0.9778714436248683
671	0.9757639620653319
672	0.9736564805057956
673	0.9620653319283456
674	0.9694415173867229
675	0.9652265542676501
676	0.9694415173867229
677	0.9683877766069547
678	0.9789251844046365
679	0.9704952581664911
680	0.9768177028451
681	0.9652265542676501
682	0.9778714436248683
683	0.9726027397260274
684	0.9694415173867229
685	0.9736564805057956
686	0.9726027397260274
687	0.9715489989462592
688	0.9704952581664911
689	0.9715489989462592
690	0.9768177028451
691	0.9757639620653319
692	0.9841938883034773
693	0.9631190727081138
694	0.9673340358271865
695	0.9736564805057956
696	0.9662802950474183
697	0.9747102212855637
698	0.9778714436248683
699	0.9726027397260274
700	0.9726027397260274
701	0.9810326659641728
702	0.9757639620653319
703	0.9810326659641728
704	0.9736564805057956
705	0.9704952581664911
706	0.9694415173867229
707	0.9683877766069547
708	0.9768177028451
709	0.9810326659641728
710	0.9831401475237092
711	0.9778714436248683
712	0.9799789251844047
713	0.9778714436248683
714	0.9831401475237092
715	0.9799789251844047
716	0.9778714436248683
717	0.9810326659641728
718	0.9673340358271865
719	0.9673340358271865
720	0.9747102212855637
721	0.9683877766069547
722	0.9747102212855637
723	0.9726027397260274
724	0.9757639620653319
725	0.9715489989462592
726	0.9683877766069547
727	0.9726027397260274
728	0.9768177028451
729	0.9757639620653319
730	0.9673340358271865
731	0.9810326659641728
732	0.9778714436248683
733	0.9704952581664911
734	0.9778714436248683
735	0.9662802950474183
736	0.9778714436248683
737	0.9704952581664911
738	0.9715489989462592
739	0.9704952581664911
740	0.9736564805057956
741	0.9704952581664911
742	0.9715489989462592
743	0.9715489989462592
744	0.9768177028451
745	0.9799789251844047
746	0.9704952581664911
747	0.9631190727081138
748	0.9736564805057956
749	0.9704952581664911
750	0.9747102212855637
751	0.9662802950474183
752	0.9768177028451
753	0.9715489989462592
754	0.9694415173867229
755	0.9715489989462592
756	0.9662802950474183
757	0.9736564805057956
758	0.9747102212855637
759	0.9768177028451
760	0.9757639620653319
761	0.9768177028451
762	0.9810326659641728
763	0.9726027397260274
764	0.9789251844046365
765	0.9726027397260274
766	0.9747102212855637
767	0.9768177028451
768	0.9704952581664911
769	0.9778714436248683
770	0.9757639620653319
771	0.9736564805057956
772	0.9715489989462592
773	0.9662802950474183
774	0.9747102212855637
775	0.9694415173867229
776	0.9778714436248683
777	0.9683877766069547
778	0.9704952581664911
779	0.9736564805057956
780	0.9736564805057956
781	0.9863013698630136
782	0.9810326659641728
783	0.9662802950474183
784	0.9747102212855637
785	0.9631190727081138
786	0.9778714436248683
787	0.964172813487882
788	0.9778714436248683
789	0.9704952581664911
790	0.9715489989462592
791	0.964172813487882
792	0.9704952581664911
793	0.9747102212855637
794	0.9673340358271865
795	0.9736564805057956
796	0.9683877766069547
797	0.964172813487882
798	0.9778714436248683
799	0.9789251844046365
800	0.9683877766069547
801	0.9789251844046365
802	0.9662802950474183
803	0.9726027397260274
804	0.9736564805057956
805	0.9726027397260274
806	0.9789251844046365
807	0.9789251844046365
808	0.9704952581664911
809	0.9757639620653319
810	0.9726027397260274
811	0.9778714436248683
812	0.9726027397260274
813	0.9694415173867229
814	0.9704952581664911
815	0.9726027397260274
816	0.9789251844046365
817	0.9726027397260274
818	0.9694415173867229
819	0.9631190727081138
820	0.9778714436248683
821	0.9631190727081138
822	0.9831401475237092
823	0.9778714436248683
824	0.9768177028451
825	0.9747102212855637
826	0.9757639620653319
827	0.9726027397260274
828	0.9747102212855637
829	0.9736564805057956
830	0.9778714436248683
831	0.9726027397260274
832	0.9631190727081138
833	0.9747102212855637
834	0.9747102212855637
835	0.9694415173867229
836	0.9863013698630136
837	0.9778714436248683
838	0.9757639620653319
839	0.9736564805057956
840	0.9704952581664911
841	0.9747102212855637
842	0.9757639620653319
843	0.9726027397260274
844	0.9852476290832455
845	0.9873551106427819
846	0.9747102212855637
847	0.9726027397260274
848	0.9683877766069547
849	0.9726027397260274
850	0.9789251844046365
851	0.9789251844046365
852	0.9778714436248683
853	0.9715489989462592
854	0.9662802950474183
855	0.9757639620653319
856	0.9757639620653319
857	0.9704952581664911
858	0.9747102212855637
859	0.9799789251844047
860	0.9683877766069547
861	0.9546891464699684
862	0.9704952581664911
863	0.9715489989462592
864	0.9662802950474183
865	0.9799789251844047
866	0.9768177028451
867	0.9757639620653319
868	0.9683877766069547
869	0.9683877766069547
870	0.9747102212855637
871	0.9694415173867229
872	0.9736564805057956
873	0.9726027397260274
874	0.9610115911485775
875	0.9631190727081138
876	0.9726027397260274
877	0.9694415173867229
878	0.982086406743941
879	0.9757639620653319
880	0.9778714436248683
881	0.9726027397260274
882	0.9736564805057956
883	0.9726027397260274
884	0.9631190727081138
885	0.9662802950474183
886	0.9841938883034773
887	0.9694415173867229
888	0.9726027397260274
889	0.9694415173867229
890	0.9726027397260274
891	0.9747102212855637
892	0.9757639620653319
893	0.9631190727081138
894	0.9673340358271865
895	0.9662802950474183
896	0.9715489989462592
897	0.9694415173867229
898	0.9673340358271865
899	0.958904109589041
900	0.9673340358271865
901	0.9683877766069547
902	0.9715489989462592
903	0.9631190727081138
904	0.9599578503688093
905	0.9736564805057956
906	0.9747102212855637
907	0.9673340358271865
908	0.9694415173867229
909	0.9778714436248683
910	0.9662802950474183
911	0.9662802950474183
912	0.9704952581664911
913	0.9747102212855637
914	0.9704952581664911
915	0.9768177028451
916	0.9673340358271865
917	0.9852476290832455
918	0.9704952581664911
919	0.9704952581664911
920	0.9768177028451
921	0.9715489989462592
922	0.9610115911485775
923	0.9768177028451
924	0.9683877766069547
925	0.9726027397260274
926	0.9726027397260274
927	0.9747102212855637
928	0.9694415173867229
929	0.9704952581664911
930	0.9736564805057956
931	0.9778714436248683
932	0.9694415173867229
933	0.9789251844046365
934	0.9768177028451
935	0.964172813487882
936	0.9715489989462592
937	0.9694415173867229
938	0.9715489989462592
939	0.9736564805057956
940	0.9726027397260274
941	0.9768177028451
942	0.9810326659641728
943	0.9704952581664911
944	0.9757639620653319
945	0.9757639620653319
946	0.9747102212855637
947	0.9694415173867229
948	0.9694415173867229
949	0.9747102212855637
950	0.9841938883034773
951	0.9747102212855637
952	0.9757639620653319
953	0.9694415173867229
954	0.9757639620653319
955	0.9694415173867229
956	0.9726027397260274
957	0.9810326659641728
958	0.9715489989462592
959	0.9715489989462592
960	0.9789251844046365
961	0.9652265542676501
962	0.9789251844046365
963	0.9715489989462592
964	0.9631190727081138
965	0.9747102212855637
966	0.9789251844046365
967	0.9726027397260274
968	0.9673340358271865
969	0.9673340358271865
970	0.9631190727081138
971	0.9694415173867229
972	0.9694415173867229
973	0.9789251844046365
974	0.9715489989462592
975	0.9736564805057956
976	0.9768177028451
977	0.982086406743941
978	0.9726027397260274
979	0.9715489989462592
980	0.9715489989462592
981	0.9683877766069547
982	0.9683877766069547
983	0.9736564805057956
984	0.9715489989462592
985	0.9715489989462592
986	0.9715489989462592
987	0.9715489989462592
988	0.9768177028451
989	0.9673340358271865
990	0.9662802950474183
991	0.9726027397260274
992	0.9736564805057956
993	0.9768177028451
994	0.9694415173867229
995	0.9631190727081138
996	0.9757639620653319
997	0.9726027397260274
998	0.9652265542676501
999	0.9736564805057956
1000	0.9736564805057956
