1	0.09735973597359736
2	0.07755775577557755
3	0.24752475247524752
4	0.2524752475247525
5	0.2871287128712871
6	0.30363036303630364
7	0.31353135313531355
8	0.35148514851485146
9	0.3696369636963696
10	0.4141914191419142
11	0.44554455445544555
12	0.49174917491749176
13	0.5379537953795379
14	0.5643564356435643
15	0.5891089108910891
16	0.5891089108910891
17	0.5594059405940595
18	0.5742574257425742
19	0.6171617161716172
20	0.636963696369637
21	0.6452145214521452
22	0.6518151815181518
23	0.6782178217821783
24	0.6831683168316832
25	0.7013201320132013
26	0.7227722772277227
27	0.7343234323432343
28	0.7343234323432343
29	0.731023102310231
30	0.7541254125412541
31	0.7607260726072608
32	0.8118811881188119
33	0.7986798679867987
34	0.7854785478547854
35	0.7986798679867987
36	0.7986798679867987
37	0.806930693069307
38	0.8333333333333334
39	0.8234323432343235
40	0.8366336633663366
41	0.863036303630363
42	0.8448844884488449
43	0.8564356435643564
44	0.8547854785478548
45	0.8696369636963697
46	0.8960396039603961
47	0.8663366336633663
48	0.8861386138613861
49	0.8910891089108911
50	0.905940594059406
51	0.9092409240924092
52	0.900990099009901
53	0.8960396039603961
54	0.9026402640264026
55	0.9075907590759076
56	0.9174917491749175
57	0.9141914191419142
58	0.929042904290429
59	0.929042904290429
60	0.9389438943894389
61	0.9191419141914191
62	0.933993399339934
63	0.9488448844884488
64	0.9455445544554455
65	0.9537953795379538
66	0.9521452145214522
67	0.9438943894389439
68	0.9554455445544554
69	0.9521452145214522
70	0.9504950495049505
71	0.9620462046204621
72	0.9686468646864687
73	0.9636963696369637
74	0.9636963696369637
75	0.9785478547854786
76	0.9752475247524752
77	0.9686468646864687
78	0.976897689768977
79	0.9851485148514851
80	0.976897689768977
81	0.9801980198019802
82	0.9867986798679867
83	0.9900990099009901
84	0.9884488448844885
85	0.9867986798679867
86	0.9917491749174917
87	0.9900990099009901
88	0.9933993399339934
89	0.9834983498349835
90	0.9917491749174917
91	0.9900990099009901
92	0.9917491749174917
93	0.9884488448844885
94	0.9933993399339934
95	0.995049504950495
96	0.9933993399339934
97	0.9933993399339934
98	0.9983498349834984
99	0.9983498349834984
100	0.9983498349834984
101	0.9966996699669967
102	0.9983498349834984
103	0.9966996699669967
104	0.995049504950495
105	0.9933993399339934
106	0.9983498349834984
107	0.9983498349834984
108	0.9983498349834984
109	0.9983498349834984
110	0.9983498349834984
111	0.9966996699669967
112	0.995049504950495
113	0.995049504950495
114	0.9983498349834984
115	0.9983498349834984
116	0.9983498349834984
117	1.0
118	0.9983498349834984
119	0.9966996699669967
120	0.9983498349834984
121	0.9983498349834984
122	0.9983498349834984
123	0.9983498349834984
124	0.9983498349834984
125	0.9983498349834984
126	0.9966996699669967
127	0.9966996699669967
128	1.0
129	0.9966996699669967
130	1.0
131	0.9983498349834984
132	0.9983498349834984
133	0.9983498349834984
134	1.0
135	0.9983498349834984
136	0.995049504950495
137	1.0
138	1.0
139	1.0
140	0.9983498349834984
141	1.0
142	0.9983498349834984
143	0.9983498349834984
144	0.9983498349834984
145	0.9983498349834984
146	0.9983498349834984
147	1.0
148	1.0
149	1.0
150	1.0
151	1.0
152	0.9966996699669967
153	1.0
154	1.0
155	0.9983498349834984
156	1.0
157	1.0
158	0.9983498349834984
159	0.9983498349834984
160	1.0
161	1.0
162	1.0
163	1.0
164	1.0
165	0.9983498349834984
166	1.0
167	1.0
168	1.0
169	1.0
170	1.0
171	1.0
172	1.0
173	1.0
174	1.0
175	1.0
176	0.9983498349834984
177	1.0
178	1.0
179	0.9983498349834984
180	0.9983498349834984
181	0.9983498349834984
182	0.9983498349834984
183	1.0
184	1.0
185	0.9983498349834984
186	1.0
187	0.9983498349834984
188	0.9983498349834984
189	0.9983498349834984
190	1.0
191	1.0
192	0.9983498349834984
193	1.0
194	1.0
195	1.0
196	1.0
197	1.0
198	1.0
199	1.0
200	1.0
201	1.0
202	1.0
203	0.9983498349834984
204	0.9983498349834984
205	0.9983498349834984
206	0.9983498349834984
207	0.9983498349834984
208	1.0
209	1.0
210	1.0
211	1.0
212	1.0
213	1.0
214	1.0
215	1.0
216	1.0
217	1.0
218	1.0
219	1.0
220	1.0
221	1.0
222	0.9983498349834984
223	1.0
224	1.0
225	1.0
226	1.0
227	1.0
228	1.0
229	1.0
230	1.0
231	1.0
232	1.0
233	1.0
234	1.0
235	1.0
236	1.0
237	1.0
238	0.9983498349834984
239	1.0
240	1.0
241	1.0
242	1.0
243	1.0
244	0.9983498349834984
245	1.0
246	0.9983498349834984
247	0.9966996699669967
248	0.9983498349834984
249	0.9983498349834984
250	0.9983498349834984
251	0.9983498349834984
252	0.9983498349834984
253	1.0
254	1.0
255	0.9983498349834984
256	0.9983498349834984
257	1.0
258	0.9983498349834984
259	1.0
260	0.9983498349834984
261	1.0
262	1.0
263	1.0
264	0.9983498349834984
265	1.0
266	1.0
267	1.0
268	1.0
269	1.0
270	1.0
271	1.0
272	1.0
273	1.0
274	1.0
275	1.0
276	1.0
277	1.0
278	1.0
279	1.0
280	1.0
281	1.0
282	0.9966996699669967
283	0.9983498349834984
284	1.0
285	1.0
286	0.9983498349834984
287	0.9983498349834984
288	1.0
289	1.0
290	1.0
291	1.0
292	1.0
293	1.0
294	1.0
295	1.0
296	0.9983498349834984
297	0.9983498349834984
298	1.0
299	1.0
300	1.0
301	0.9983498349834984
302	0.9983498349834984
303	0.9983498349834984
304	1.0
305	1.0
306	1.0
307	1.0
308	1.0
309	1.0
310	1.0
311	0.9983498349834984
312	0.9983498349834984
313	0.9983498349834984
314	1.0
315	1.0
316	1.0
317	1.0
318	1.0
319	1.0
320	1.0
321	1.0
322	1.0
323	1.0
324	1.0
325	1.0
326	1.0
327	1.0
328	0.9966996699669967
329	0.9966996699669967
330	0.9966996699669967
331	1.0
332	1.0
333	1.0
334	1.0
335	1.0
336	1.0
337	1.0
338	1.0
339	1.0
340	1.0
341	1.0
342	1.0
343	1.0
344	0.9983498349834984
345	1.0
346	1.0
347	1.0
348	1.0
349	1.0
350	0.9983498349834984
351	1.0
352	1.0
353	1.0
354	1.0
355	1.0
356	1.0
357	1.0
358	1.0
359	1.0
360	0.9983498349834984
361	1.0
362	1.0
363	1.0
364	1.0
365	1.0
366	1.0
367	0.9983498349834984
368	1.0
369	1.0
370	1.0
371	1.0
372	1.0
373	1.0
374	1.0
375	1.0
376	1.0
377	1.0
378	1.0
379	0.9983498349834984
380	0.9983498349834984
381	0.9983498349834984
382	0.9983498349834984
383	1.0
384	1.0
385	1.0
386	1.0
387	1.0
388	1.0
389	0.9983498349834984
390	1.0
391	0.9983498349834984
392	0.9983498349834984
393	0.9983498349834984
394	0.9983498349834984
395	0.9983498349834984
396	1.0
397	1.0
398	1.0
399	0.995049504950495
400	1.0
401	1.0
402	1.0
403	1.0
404	1.0
405	0.9983498349834984
406	1.0
407	0.9983498349834984
408	0.995049504950495
409	0.9966996699669967
410	0.9983498349834984
411	0.9983498349834984
412	1.0
413	1.0
414	1.0
415	0.9983498349834984
416	0.9983498349834984
417	1.0
418	1.0
419	1.0
420	1.0
421	1.0
422	1.0
423	1.0
424	1.0
425	1.0
426	1.0
427	0.9966996699669967
428	1.0
429	0.9983498349834984
430	0.9983498349834984
431	0.9983498349834984
432	0.9983498349834984
433	0.9983498349834984
434	1.0
435	0.9983498349834984
436	0.9983498349834984
437	0.9983498349834984
438	1.0
439	1.0
440	1.0
441	1.0
442	1.0
443	0.9966996699669967
444	1.0
445	1.0
446	1.0
447	1.0
448	1.0
449	1.0
450	1.0
451	1.0
452	1.0
453	1.0
454	1.0
455	1.0
456	1.0
457	1.0
458	1.0
459	1.0
460	1.0
461	1.0
462	1.0
463	1.0
464	1.0
465	1.0
466	0.9983498349834984
467	0.9983498349834984
468	1.0
469	1.0
470	1.0
471	0.9983498349834984
472	1.0
473	1.0
474	1.0
475	1.0
476	1.0
477	1.0
478	1.0
479	0.9983498349834984
480	0.9983498349834984
481	0.9983498349834984
482	1.0
483	1.0
484	1.0
485	1.0
486	1.0
487	1.0
488	1.0
489	1.0
490	0.9983498349834984
491	0.9983498349834984
492	0.9983498349834984
493	1.0
494	1.0
495	1.0
496	1.0
497	1.0
498	1.0
499	1.0
500	1.0
501	0.9983498349834984
502	1.0
503	1.0
504	0.9983498349834984
505	0.9983498349834984
506	1.0
507	0.9983498349834984
508	1.0
509	1.0
510	1.0
511	1.0
512	1.0
513	1.0
514	1.0
515	1.0
516	1.0
517	1.0
518	0.9983498349834984
519	0.9966996699669967
520	0.9966996699669967
521	0.9983498349834984
522	1.0
523	1.0
524	1.0
525	1.0
526	1.0
527	1.0
528	1.0
529	1.0
530	1.0
531	0.9983498349834984
532	1.0
533	0.9983498349834984
534	1.0
535	0.9983498349834984
536	0.9983498349834984
537	1.0
538	0.9983498349834984
539	1.0
540	1.0
541	1.0
542	1.0
543	1.0
544	1.0
545	1.0
546	0.9983498349834984
547	0.9966996699669967
548	0.9983498349834984
549	1.0
550	1.0
551	1.0
552	1.0
553	0.9983498349834984
554	0.995049504950495
555	0.995049504950495
556	0.9966996699669967
557	0.9983498349834984
558	0.9983498349834984
559	0.9966996699669967
560	0.9983498349834984
561	0.9983498349834984
562	1.0
563	1.0
564	1.0
565	1.0
566	0.9966996699669967
567	0.9983498349834984
568	0.9966996699669967
569	0.9966996699669967
570	0.9966996699669967
571	0.9966996699669967
572	1.0
573	0.9983498349834984
574	1.0
575	1.0
576	1.0
577	1.0
578	1.0
579	1.0
580	1.0
581	1.0
582	0.9983498349834984
583	1.0
584	0.9983498349834984
585	0.9966996699669967
586	0.9966996699669967
587	0.9983498349834984
588	1.0
589	1.0
590	0.9983498349834984
591	0.9983498349834984
592	0.9966996699669967
593	0.9966996699669967
594	0.9966996699669967
595	0.9983498349834984
596	0.9983498349834984
597	1.0
598	1.0
599	1.0
600	0.9983498349834984
601	0.9966996699669967
602	1.0
603	1.0
604	1.0
605	1.0
606	0.9966996699669967
607	1.0
608	1.0
609	1.0
610	1.0
611	1.0
612	0.9983498349834984
613	0.9966996699669967
614	1.0
615	1.0
616	1.0
617	0.9983498349834984
618	0.9983498349834984
619	0.9983498349834984
620	0.9983498349834984
621	0.9983498349834984
622	1.0
623	0.9983498349834984
624	1.0
625	1.0
626	0.9983498349834984
627	1.0
628	1.0
629	1.0
630	0.9983498349834984
631	0.9983498349834984
632	0.995049504950495
633	0.9983498349834984
634	1.0
635	0.9983498349834984
636	1.0
637	1.0
638	1.0
639	1.0
640	0.9983498349834984
641	1.0
642	1.0
643	1.0
644	1.0
645	1.0
646	1.0
647	1.0
648	1.0
649	1.0
650	1.0
651	1.0
652	1.0
653	1.0
654	1.0
655	1.0
656	1.0
657	1.0
658	1.0
659	1.0
660	1.0
661	1.0
662	0.9983498349834984
663	0.9983498349834984
664	0.9983498349834984
665	0.9983498349834984
666	0.9966996699669967
667	1.0
668	1.0
669	1.0
670	1.0
671	1.0
672	1.0
673	1.0
674	1.0
675	1.0
676	1.0
677	1.0
678	1.0
679	1.0
680	1.0
681	1.0
682	1.0
683	1.0
684	1.0
685	1.0
686	0.9983498349834984
687	0.9966996699669967
688	0.9983498349834984
689	1.0
690	1.0
691	1.0
692	1.0
693	0.9983498349834984
694	0.9983498349834984
695	1.0
696	1.0
697	0.9983498349834984
698	1.0
699	1.0
700	0.9983498349834984
701	0.9983498349834984
702	0.9966996699669967
703	0.9966996699669967
704	0.9983498349834984
705	0.9983498349834984
706	1.0
707	0.9983498349834984
708	0.9983498349834984
709	1.0
710	1.0
711	1.0
712	1.0
713	1.0
714	0.9983498349834984
715	1.0
716	0.9983498349834984
717	0.9983498349834984
718	0.9983498349834984
719	1.0
720	1.0
721	0.9983498349834984
722	1.0
723	0.9983498349834984
724	1.0
725	0.9983498349834984
726	1.0
727	0.9983498349834984
728	0.9983498349834984
729	0.9983498349834984
730	0.9983498349834984
731	0.9983498349834984
732	0.9983498349834984
733	0.9983498349834984
734	0.9966996699669967
735	0.9983498349834984
736	1.0
737	1.0
738	1.0
739	1.0
740	1.0
741	1.0
742	1.0
743	0.9983498349834984
744	0.9983498349834984
745	0.9966996699669967
746	0.9966996699669967
747	0.9983498349834984
748	0.9983498349834984
749	0.9983498349834984
750	0.9983498349834984
751	0.9983498349834984
752	1.0
753	1.0
754	1.0
755	0.9966996699669967
756	0.9983498349834984
757	0.9983498349834984
758	1.0
759	1.0
760	0.9983498349834984
761	0.9983498349834984
762	0.9983498349834984
763	0.9983498349834984
764	0.9966996699669967
765	0.9983498349834984
766	1.0
767	1.0
768	1.0
769	1.0
770	1.0
771	1.0
772	1.0
773	1.0
774	1.0
775	1.0
776	1.0
777	1.0
778	0.9983498349834984
779	0.9983498349834984
780	1.0
781	1.0
782	1.0
783	1.0
784	1.0
785	1.0
786	1.0
787	1.0
788	0.9983498349834984
789	0.9983498349834984
790	1.0
791	1.0
792	1.0
793	1.0
794	1.0
795	1.0
796	0.9983498349834984
797	1.0
798	1.0
799	1.0
800	1.0
801	1.0
802	1.0
803	1.0
804	1.0
805	0.9983498349834984
806	1.0
807	1.0
808	0.9983498349834984
809	0.9983498349834984
810	0.9983498349834984
811	0.9983498349834984
812	0.9966996699669967
813	0.9966996699669967
814	1.0
815	1.0
816	0.9983498349834984
817	1.0
818	1.0
819	1.0
820	1.0
821	1.0
822	1.0
823	1.0
824	1.0
825	0.9983498349834984
826	0.9983498349834984
827	1.0
828	1.0
829	1.0
830	1.0
831	1.0
832	1.0
833	1.0
834	0.9983498349834984
835	1.0
836	1.0
837	0.9983498349834984
838	1.0
839	1.0
840	1.0
841	1.0
842	1.0
843	1.0
844	0.9983498349834984
845	0.9983498349834984
846	0.9983498349834984
847	0.9983498349834984
848	1.0
849	1.0
850	0.9983498349834984
851	0.9983498349834984
852	1.0
853	1.0
854	1.0
855	1.0
856	0.9983498349834984
857	0.9983498349834984
858	0.9983498349834984
859	1.0
860	0.9983498349834984
861	0.9983498349834984
862	0.9983498349834984
863	0.9983498349834984
864	1.0
865	1.0
866	1.0
867	1.0
868	1.0
869	0.9983498349834984
870	1.0
871	1.0
872	1.0
873	1.0
874	1.0
875	1.0
876	1.0
877	1.0
878	1.0
879	1.0
880	1.0
881	1.0
882	1.0
883	1.0
884	0.9966996699669967
885	0.9983498349834984
886	1.0
887	1.0
888	1.0
889	1.0
890	1.0
891	0.9983498349834984
892	0.9966996699669967
893	1.0
894	1.0
895	1.0
896	1.0
897	0.9983498349834984
898	0.9983498349834984
899	1.0
900	1.0
901	1.0
902	1.0
903	1.0
904	1.0
905	0.9983498349834984
906	0.9966996699669967
907	0.9983498349834984
908	0.9983498349834984
909	0.9983498349834984
910	0.9983498349834984
911	0.9983498349834984
912	0.9983498349834984
913	1.0
914	1.0
915	0.9983498349834984
916	1.0
917	1.0
918	1.0
919	1.0
920	1.0
921	1.0
922	0.9983498349834984
923	0.9983498349834984
924	1.0
925	1.0
926	1.0
927	1.0
928	1.0
929	1.0
930	1.0
931	1.0
932	1.0
933	1.0
934	1.0
935	1.0
936	1.0
937	1.0
938	0.9983498349834984
939	0.9983498349834984
940	0.9983498349834984
941	0.9983498349834984
942	1.0
943	1.0
944	1.0
945	0.9983498349834984
946	1.0
947	1.0
948	1.0
949	1.0
950	1.0
951	0.9983498349834984
952	0.9983498349834984
953	1.0
954	1.0
955	1.0
956	0.995049504950495
957	0.9983498349834984
958	0.9983498349834984
959	0.9983498349834984
960	0.9983498349834984
961	0.9983498349834984
962	0.9983498349834984
963	1.0
964	1.0
965	0.9983498349834984
966	0.9983498349834984
967	1.0
968	0.9983498349834984
969	0.9983498349834984
970	1.0
971	1.0
972	1.0
973	0.9983498349834984
974	0.9983498349834984
975	0.9983498349834984
976	1.0
977	1.0
978	0.9983498349834984
979	1.0
980	0.9983498349834984
981	1.0
982	0.9983498349834984
983	1.0
984	1.0
985	1.0
986	1.0
987	1.0
988	0.9983498349834984
989	1.0
990	0.9983498349834984
991	1.0
992	1.0
993	1.0
994	0.9983498349834984
995	1.0
996	1.0
997	1.0
998	0.9983498349834984
999	1.0
1000	1.0
