1	0.006493506493506494
2	0.08441558441558442
3	0.11038961038961038
4	0.11688311688311688
5	0.12987012987012986
6	0.14935064935064934
7	0.15584415584415584
8	0.18831168831168832
9	0.23376623376623376
10	0.24025974025974026
11	0.2597402597402597
12	0.2792207792207792
13	0.2792207792207792
14	0.2727272727272727
15	0.2662337662337662
16	0.3051948051948052
17	0.2857142857142857
18	0.2597402597402597
19	0.2987012987012987
20	0.3051948051948052
21	0.3116883116883117
22	0.2987012987012987
23	0.3116883116883117
24	0.3051948051948052
25	0.35714285714285715
26	0.33116883116883117
27	0.38311688311688313
28	0.37012987012987014
29	0.3961038961038961
30	0.42857142857142855
31	0.4090909090909091
32	0.42857142857142855
33	0.42207792207792205
34	0.43506493506493504
35	0.42207792207792205
36	0.45454545454545453
37	0.44155844155844154
38	0.487012987012987
39	0.474025974025974
40	0.4090909090909091
41	0.45454545454545453
42	0.5584415584415584
43	0.5194805194805194
44	0.5324675324675324
45	0.487012987012987
46	0.5194805194805194
47	0.551948051948052
48	0.512987012987013
49	0.5454545454545454
50	0.577922077922078
51	0.525974025974026
52	0.512987012987013
53	0.5584415584415584
54	0.564935064935065
55	0.577922077922078
56	0.5974025974025974
57	0.5844155844155844
58	0.6753246753246753
59	0.6298701298701299
60	0.6688311688311688
61	0.6168831168831169
62	0.6428571428571429
63	0.6168831168831169
64	0.6298701298701299
65	0.6493506493506493
66	0.6493506493506493
67	0.5714285714285714
68	0.6558441558441559
69	0.6363636363636364
70	0.6363636363636364
71	0.6883116883116883
72	0.6818181818181818
73	0.6363636363636364
74	0.6168831168831169
75	0.6558441558441559
76	0.7077922077922078
77	0.7142857142857143
78	0.6948051948051948
79	0.7402597402597403
80	0.7012987012987013
81	0.7142857142857143
82	0.7272727272727273
83	0.7597402597402597
84	0.7402597402597403
85	0.7662337662337663
86	0.7272727272727273
87	0.7467532467532467
88	0.7467532467532467
89	0.7402597402597403
90	0.7402597402597403
91	0.7532467532467533
92	0.7922077922077922
93	0.7922077922077922
94	0.7857142857142857
95	0.7792207792207793
96	0.7922077922077922
97	0.7922077922077922
98	0.7727272727272727
99	0.7597402597402597
100	0.7597402597402597
101	0.7987012987012987
102	0.7987012987012987
103	0.7857142857142857
104	0.8246753246753247
105	0.7792207792207793
106	0.8116883116883117
107	0.7792207792207793
108	0.7857142857142857
109	0.8376623376623377
110	0.8181818181818182
111	0.7792207792207793
112	0.8376623376623377
113	0.8311688311688312
114	0.8116883116883117
115	0.8181818181818182
116	0.8116883116883117
117	0.7857142857142857
118	0.8831168831168831
119	0.8246753246753247
120	0.8311688311688312
121	0.8311688311688312
122	0.7857142857142857
123	0.8766233766233766
124	0.8506493506493507
125	0.8246753246753247
126	0.8246753246753247
127	0.8571428571428571
128	0.8441558441558441
129	0.8571428571428571
130	0.8766233766233766
131	0.8441558441558441
132	0.8051948051948052
133	0.8831168831168831
134	0.8376623376623377
135	0.8896103896103896
136	0.9025974025974026
137	0.9025974025974026
138	0.8571428571428571
139	0.8766233766233766
140	0.8376623376623377
141	0.8636363636363636
142	0.8311688311688312
143	0.8701298701298701
144	0.8376623376623377
145	0.8441558441558441
146	0.8636363636363636
147	0.8441558441558441
148	0.8376623376623377
149	0.8441558441558441
150	0.8636363636363636
151	0.8506493506493507
152	0.8831168831168831
153	0.8766233766233766
154	0.8701298701298701
155	0.8571428571428571
156	0.8831168831168831
157	0.8961038961038961
158	0.8441558441558441
159	0.8831168831168831
160	0.8701298701298701
161	0.8441558441558441
162	0.9025974025974026
163	0.8636363636363636
164	0.8571428571428571
165	0.8961038961038961
166	0.8701298701298701
167	0.8571428571428571
168	0.8831168831168831
169	0.8311688311688312
170	0.8506493506493507
171	0.8636363636363636
172	0.8506493506493507
173	0.8831168831168831
174	0.9285714285714286
175	0.9025974025974026
176	0.8896103896103896
177	0.8506493506493507
178	0.9155844155844156
179	0.9285714285714286
180	0.8831168831168831
181	0.9155844155844156
182	0.8701298701298701
183	0.8376623376623377
184	0.9025974025974026
185	0.8636363636363636
186	0.8701298701298701
187	0.8766233766233766
188	0.9155844155844156
189	0.9285714285714286
190	0.8506493506493507
191	0.9285714285714286
192	0.8896103896103896
193	0.9090909090909091
194	0.8766233766233766
195	0.8961038961038961
196	0.8961038961038961
197	0.961038961038961
198	0.8896103896103896
199	0.8896103896103896
200	0.8701298701298701
201	0.8766233766233766
202	0.8831168831168831
203	0.8961038961038961
204	0.9090909090909091
205	0.9415584415584416
206	0.8831168831168831
207	0.9285714285714286
208	0.8896103896103896
209	0.9090909090909091
210	0.9415584415584416
211	0.8766233766233766
212	0.8831168831168831
213	0.9090909090909091
214	0.8961038961038961
215	0.9025974025974026
216	0.948051948051948
217	0.948051948051948
218	0.8961038961038961
219	0.8961038961038961
220	0.9025974025974026
221	0.9155844155844156
222	0.9090909090909091
223	0.9025974025974026
224	0.8701298701298701
225	0.8766233766233766
226	0.8896103896103896
227	0.9285714285714286
228	0.9285714285714286
229	0.8961038961038961
230	0.922077922077922
231	0.8961038961038961
232	0.8961038961038961
233	0.9025974025974026
234	0.935064935064935
235	0.9415584415584416
236	0.922077922077922
237	0.922077922077922
238	0.922077922077922
239	0.9285714285714286
240	0.8896103896103896
241	0.948051948051948
242	0.8961038961038961
243	0.8896103896103896
244	0.9090909090909091
245	0.935064935064935
246	0.9090909090909091
247	0.8896103896103896
248	0.9285714285714286
249	0.9155844155844156
250	0.9025974025974026
251	0.922077922077922
252	0.9025974025974026
253	0.935064935064935
254	0.922077922077922
255	0.948051948051948
256	0.935064935064935
257	0.935064935064935
258	0.948051948051948
259	0.935064935064935
260	0.9285714285714286
261	0.9415584415584416
262	0.9545454545454546
263	0.8961038961038961
264	0.9090909090909091
265	0.9415584415584416
266	0.935064935064935
267	0.935064935064935
268	0.9285714285714286
269	0.9285714285714286
270	0.9285714285714286
271	0.9545454545454546
272	0.9545454545454546
273	0.9545454545454546
274	0.935064935064935
275	0.948051948051948
276	0.9415584415584416
277	0.9545454545454546
278	0.935064935064935
279	0.9675324675324676
280	0.935064935064935
281	0.9545454545454546
282	0.935064935064935
283	0.9090909090909091
284	0.9285714285714286
285	0.9415584415584416
286	0.9415584415584416
287	0.9545454545454546
288	0.9675324675324676
289	0.935064935064935
290	0.9545454545454546
291	0.9545454545454546
292	0.935064935064935
293	0.961038961038961
294	0.9090909090909091
295	0.935064935064935
296	0.9415584415584416
297	0.9415584415584416
298	0.9675324675324676
299	0.935064935064935
300	0.961038961038961
301	0.935064935064935
302	0.9285714285714286
303	0.948051948051948
304	0.9675324675324676
305	0.9675324675324676
306	0.935064935064935
307	0.9415584415584416
308	0.9285714285714286
309	0.9415584415584416
310	0.9415584415584416
311	0.961038961038961
312	0.961038961038961
313	0.961038961038961
314	0.9285714285714286
315	0.935064935064935
316	0.9285714285714286
317	0.935064935064935
318	0.9285714285714286
319	0.9415584415584416
320	0.961038961038961
321	0.935064935064935
322	0.935064935064935
323	0.9415584415584416
324	0.961038961038961
325	0.9415584415584416
326	0.9025974025974026
327	0.9545454545454546
328	0.935064935064935
329	0.935064935064935
330	0.922077922077922
331	0.9545454545454546
332	0.9155844155844156
333	0.9285714285714286
334	0.9675324675324676
335	0.961038961038961
336	0.948051948051948
337	0.961038961038961
338	0.9675324675324676
339	0.961038961038961
340	0.9415584415584416
341	0.9805194805194806
342	0.922077922077922
343	0.9935064935064936
344	0.935064935064935
345	0.974025974025974
346	0.9805194805194806
347	0.974025974025974
348	0.961038961038961
349	0.9285714285714286
350	0.9415584415584416
351	0.974025974025974
352	0.948051948051948
353	0.935064935064935
354	0.961038961038961
355	0.9545454545454546
356	0.9545454545454546
357	0.9415584415584416
358	0.9545454545454546
359	0.9545454545454546
360	0.987012987012987
361	0.961038961038961
362	0.9285714285714286
363	0.9545454545454546
364	0.9545454545454546
365	0.974025974025974
366	0.9545454545454546
367	0.961038961038961
368	0.9415584415584416
369	0.9675324675324676
370	0.9545454545454546
371	0.961038961038961
372	0.9675324675324676
373	0.9805194805194806
374	0.961038961038961
375	0.9545454545454546
376	0.9545454545454546
377	0.9805194805194806
378	0.987012987012987
379	0.961038961038961
380	0.948051948051948
381	0.9415584415584416
382	0.948051948051948
383	0.9805194805194806
384	0.974025974025974
385	0.9805194805194806
386	0.987012987012987
387	0.9675324675324676
388	0.974025974025974
389	0.9805194805194806
390	0.974025974025974
391	0.974025974025974
392	0.961038961038961
393	0.922077922077922
394	0.987012987012987
395	0.948051948051948
396	1.0
397	0.974025974025974
398	0.9675324675324676
399	0.948051948051948
400	0.9545454545454546
401	0.9675324675324676
402	0.9935064935064936
403	0.9545454545454546
404	0.9285714285714286
405	0.9545454545454546
406	0.974025974025974
407	0.9805194805194806
408	0.9415584415584416
409	0.9805194805194806
410	0.974025974025974
411	0.974025974025974
412	0.948051948051948
413	0.961038961038961
414	0.9675324675324676
415	0.987012987012987
416	0.974025974025974
417	0.9545454545454546
418	0.9675324675324676
419	0.9675324675324676
420	0.9805194805194806
421	0.987012987012987
422	0.9805194805194806
423	0.987012987012987
424	0.961038961038961
425	0.9675324675324676
426	0.9805194805194806
427	0.961038961038961
428	0.9675324675324676
429	0.9545454545454546
430	0.9675324675324676
431	0.9675324675324676
432	0.9805194805194806
433	0.961038961038961
434	0.987012987012987
435	0.974025974025974
436	0.9675324675324676
437	0.961038961038961
438	0.9675324675324676
439	0.974025974025974
440	0.974025974025974
441	0.961038961038961
442	0.987012987012987
443	0.9415584415584416
444	0.9415584415584416
445	0.948051948051948
446	0.9675324675324676
447	0.9675324675324676
448	0.9415584415584416
449	0.9675324675324676
450	0.9805194805194806
451	0.9545454545454546
452	0.9805194805194806
453	0.9805194805194806
454	0.935064935064935
455	0.974025974025974
456	0.948051948051948
457	0.9675324675324676
458	0.9805194805194806
459	0.961038961038961
460	0.974025974025974
461	0.9805194805194806
462	0.9805194805194806
463	0.9675324675324676
464	0.961038961038961
465	0.961038961038961
466	0.9675324675324676
467	0.987012987012987
468	0.974025974025974
469	0.974025974025974
470	0.9675324675324676
471	0.961038961038961
472	0.9545454545454546
473	0.9675324675324676
474	0.974025974025974
475	0.948051948051948
476	0.961038961038961
477	0.961038961038961
478	0.9675324675324676
479	0.974025974025974
480	0.961038961038961
481	0.9545454545454546
482	0.9675324675324676
483	0.987012987012987
484	0.974025974025974
485	0.9545454545454546
486	0.9675324675324676
487	0.9675324675324676
488	0.987012987012987
489	0.974025974025974
490	0.974025974025974
491	0.974025974025974
492	0.974025974025974
493	0.961038961038961
494	0.974025974025974
495	0.9805194805194806
496	0.974025974025974
497	0.9805194805194806
498	0.987012987012987
499	0.961038961038961
500	0.948051948051948
501	0.9545454545454546
502	0.974025974025974
503	0.948051948051948
504	0.9415584415584416
505	0.974025974025974
506	0.987012987012987
507	0.987012987012987
508	0.987012987012987
509	0.9935064935064936
510	0.9675324675324676
511	0.974025974025974
512	0.9545454545454546
513	0.961038961038961
514	0.9805194805194806
515	0.987012987012987
516	0.9675324675324676
517	0.9805194805194806
518	0.9935064935064936
519	0.961038961038961
520	0.961038961038961
521	0.9805194805194806
522	0.987012987012987
523	0.987012987012987
524	0.987012987012987
525	0.9415584415584416
526	0.9805194805194806
527	0.9935064935064936
528	0.948051948051948
529	0.974025974025974
530	0.987012987012987
531	0.961038961038961
532	0.987012987012987
533	0.974025974025974
534	0.974025974025974
535	0.961038961038961
536	0.9675324675324676
537	0.9675324675324676
538	1.0
539	0.9935064935064936
540	0.9805194805194806
541	0.9805194805194806
542	0.9935064935064936
543	0.987012987012987
544	0.9935064935064936
545	0.9935064935064936
546	0.987012987012987
547	0.974025974025974
548	0.9675324675324676
549	0.987012987012987
550	0.974025974025974
551	0.9805194805194806
552	0.987012987012987
553	0.9675324675324676
554	0.987012987012987
555	0.9805194805194806
556	0.9675324675324676
557	0.9805194805194806
558	0.9805194805194806
559	0.9805194805194806
560	0.9675324675324676
561	0.987012987012987
562	0.9805194805194806
563	0.974025974025974
564	0.987012987012987
565	0.9935064935064936
566	0.987012987012987
567	0.9935064935064936
568	0.9805194805194806
569	0.987012987012987
570	0.987012987012987
571	0.987012987012987
572	0.9805194805194806
573	0.974025974025974
574	0.9935064935064936
575	0.9935064935064936
576	0.9805194805194806
577	0.9805194805194806
578	0.961038961038961
579	0.974025974025974
580	0.9675324675324676
581	0.9935064935064936
582	0.9805194805194806
583	1.0
584	0.987012987012987
585	0.9805194805194806
586	0.987012987012987
587	0.974025974025974
588	0.974025974025974
589	0.961038961038961
590	0.974025974025974
591	0.961038961038961
592	0.9675324675324676
593	0.987012987012987
594	0.9805194805194806
595	0.9805194805194806
596	0.9935064935064936
597	0.9935064935064936
598	0.987012987012987
599	0.9805194805194806
600	0.9805194805194806
601	0.9805194805194806
602	0.9805194805194806
603	0.9675324675324676
604	0.9805194805194806
605	0.974025974025974
606	0.987012987012987
607	0.9935064935064936
608	0.9805194805194806
609	0.9675324675324676
610	0.9935064935064936
611	0.9675324675324676
612	0.9805194805194806
613	0.987012987012987
614	0.987012987012987
615	0.9935064935064936
616	0.987012987012987
617	0.9935064935064936
618	0.974025974025974
619	0.9805194805194806
620	0.974025974025974
621	0.9805194805194806
622	1.0
623	1.0
624	0.987012987012987
625	0.9675324675324676
626	0.9805194805194806
627	0.987012987012987
628	0.9805194805194806
629	0.9675324675324676
630	0.987012987012987
631	0.974025974025974
632	0.9935064935064936
633	0.9935064935064936
634	0.9805194805194806
635	0.9805194805194806
636	0.9935064935064936
637	0.9805194805194806
638	0.9805194805194806
639	0.9805194805194806
640	0.9935064935064936
641	0.9935064935064936
642	0.974025974025974
643	0.9805194805194806
644	0.987012987012987
645	0.9675324675324676
646	0.987012987012987
647	0.987012987012987
648	0.987012987012987
649	0.9805194805194806
650	0.974025974025974
651	0.9805194805194806
652	0.987012987012987
653	0.987012987012987
654	0.9935064935064936
655	0.9805194805194806
656	0.9935064935064936
657	0.9935064935064936
658	0.9935064935064936
659	0.9805194805194806
660	0.9935064935064936
661	0.9675324675324676
662	0.9805194805194806
663	0.9935064935064936
664	0.987012987012987
665	0.987012987012987
666	0.987012987012987
667	0.974025974025974
668	0.987012987012987
669	0.9935064935064936
670	0.974025974025974
671	0.9935064935064936
672	0.961038961038961
673	0.987012987012987
674	0.987012987012987
675	0.9675324675324676
676	0.9675324675324676
677	0.9805194805194806
678	0.9935064935064936
679	0.9675324675324676
680	0.9935064935064936
681	0.9805194805194806
682	0.9805194805194806
683	0.9935064935064936
684	0.9935064935064936
685	0.987012987012987
686	0.974025974025974
687	0.9805194805194806
688	0.974025974025974
689	0.987012987012987
690	0.987012987012987
691	0.974025974025974
692	0.974025974025974
693	0.9805194805194806
694	0.974025974025974
695	0.9935064935064936
696	0.9805194805194806
697	0.9805194805194806
698	1.0
699	0.9805194805194806
700	0.9935064935064936
701	0.987012987012987
702	0.9805194805194806
703	0.9805194805194806
704	1.0
705	0.987012987012987
706	0.9805194805194806
707	0.9675324675324676
708	0.987012987012987
709	0.974025974025974
710	0.974025974025974
711	1.0
712	0.9805194805194806
713	1.0
714	0.9805194805194806
715	0.974025974025974
716	0.987012987012987
717	0.987012987012987
718	0.987012987012987
719	0.9935064935064936
720	1.0
721	1.0
722	0.987012987012987
723	0.9935064935064936
724	0.974025974025974
725	0.987012987012987
726	0.9935064935064936
727	0.974025974025974
728	0.9805194805194806
729	0.9935064935064936
730	0.987012987012987
731	0.974025974025974
732	0.9935064935064936
733	0.987012987012987
734	0.987012987012987
735	0.9935064935064936
736	0.9805194805194806
737	0.987012987012987
738	0.9935064935064936
739	0.9805194805194806
740	0.9675324675324676
741	0.987012987012987
742	1.0
743	0.987012987012987
744	0.9935064935064936
745	1.0
746	0.9935064935064936
747	0.987012987012987
748	0.987012987012987
749	0.9935064935064936
750	1.0
751	0.9935064935064936
752	0.9805194805194806
753	0.987012987012987
754	0.987012987012987
755	0.987012987012987
756	0.9805194805194806
757	1.0
758	0.9935064935064936
759	0.9935064935064936
760	1.0
761	0.9935064935064936
762	0.987012987012987
763	1.0
764	0.9935064935064936
765	0.987012987012987
766	0.987012987012987
767	0.9935064935064936
768	0.9415584415584416
769	0.987012987012987
770	0.987012987012987
771	0.9935064935064936
772	0.9935064935064936
773	1.0
774	0.987012987012987
775	0.9935064935064936
776	0.987012987012987
777	0.9935064935064936
778	0.9935064935064936
779	0.987012987012987
780	0.987012987012987
781	0.987012987012987
782	0.974025974025974
783	0.9935064935064936
784	0.987012987012987
785	1.0
786	0.9935064935064936
787	0.9935064935064936
788	0.9935064935064936
789	0.9675324675324676
790	0.987012987012987
791	0.987012987012987
792	0.9935064935064936
793	0.9935064935064936
794	0.9935064935064936
795	0.974025974025974
796	0.987012987012987
797	0.987012987012987
798	0.9805194805194806
799	0.9805194805194806
800	0.9805194805194806
801	0.9935064935064936
802	0.9935064935064936
803	0.9805194805194806
804	1.0
805	0.9935064935064936
806	0.9935064935064936
807	0.987012987012987
808	0.9935064935064936
809	1.0
810	0.9935064935064936
811	0.9935064935064936
812	0.9935064935064936
813	1.0
814	1.0
815	1.0
816	1.0
817	0.987012987012987
818	0.9935064935064936
819	0.9805194805194806
820	1.0
821	0.987012987012987
822	0.9805194805194806
823	1.0
824	0.9935064935064936
825	0.9935064935064936
826	0.9935064935064936
827	0.9935064935064936
828	0.974025974025974
829	0.9935064935064936
830	0.9935064935064936
831	0.9935064935064936
832	0.987012987012987
833	0.987012987012987
834	0.987012987012987
835	1.0
836	0.9805194805194806
837	0.9935064935064936
838	1.0
839	0.9805194805194806
840	0.987012987012987
841	0.9805194805194806
842	0.987012987012987
843	0.9805194805194806
844	1.0
845	1.0
846	1.0
847	0.9935064935064936
848	0.9805194805194806
849	0.987012987012987
850	0.9935064935064936
851	0.987012987012987
852	0.9935064935064936
853	0.9805194805194806
854	1.0
855	1.0
856	0.9935064935064936
857	1.0
858	1.0
859	0.987012987012987
860	1.0
861	0.987012987012987
862	0.987012987012987
863	0.9675324675324676
864	1.0
865	0.9805194805194806
866	1.0
867	0.9805194805194806
868	0.9805194805194806
869	0.987012987012987
870	0.9935064935064936
871	0.987012987012987
872	0.987012987012987
873	1.0
874	1.0
875	0.987012987012987
876	0.9935064935064936
877	0.9935064935064936
878	0.9935064935064936
879	0.9935064935064936
880	0.987012987012987
881	0.987012987012987
882	0.987012987012987
883	0.9935064935064936
884	0.9935064935064936
885	0.987012987012987
886	0.9935064935064936
887	0.9935064935064936
888	0.987012987012987
889	1.0
890	0.9805194805194806
891	1.0
892	0.9935064935064936
893	1.0
894	1.0
895	0.987012987012987
896	0.9935064935064936
897	1.0
898	0.9935064935064936
899	1.0
900	1.0
901	1.0
902	1.0
903	0.9935064935064936
904	0.9805194805194806
905	1.0
906	0.9935064935064936
907	0.9935064935064936
908	0.9935064935064936
909	1.0
910	0.9935064935064936
911	1.0
912	0.987012987012987
913	0.9935064935064936
914	0.987012987012987
915	0.987012987012987
916	1.0
917	0.9935064935064936
918	0.987012987012987
919	0.9805194805194806
920	0.9935064935064936
921	0.9935064935064936
922	0.9935064935064936
923	0.987012987012987
924	0.987012987012987
925	0.9675324675324676
926	0.987012987012987
927	0.987012987012987
928	0.9805194805194806
929	0.987012987012987
930	0.9935064935064936
931	0.9935064935064936
932	0.9935064935064936
933	0.9935064935064936
934	1.0
935	1.0
936	0.987012987012987
937	0.9935064935064936
938	0.9935064935064936
939	1.0
940	1.0
941	0.9935064935064936
942	0.9935064935064936
943	0.9935064935064936
944	1.0
945	0.9935064935064936
946	0.9935064935064936
947	0.987012987012987
948	0.9935064935064936
949	1.0
950	0.9935064935064936
951	0.987012987012987
952	0.9935064935064936
953	1.0
954	0.9935064935064936
955	0.9935064935064936
956	0.9805194805194806
957	0.9935064935064936
958	0.9935064935064936
959	1.0
960	0.987012987012987
961	0.987012987012987
962	0.9935064935064936
963	1.0
964	1.0
965	1.0
966	0.987012987012987
967	0.9935064935064936
968	1.0
969	0.9935064935064936
970	0.987012987012987
971	0.9805194805194806
972	0.9935064935064936
973	0.9935064935064936
974	1.0
975	1.0
976	1.0
977	1.0
978	0.987012987012987
979	0.987012987012987
980	1.0
981	1.0
982	1.0
983	1.0
984	1.0
985	0.9935064935064936
986	1.0
987	0.9935064935064936
988	0.987012987012987
989	0.9935064935064936
990	0.9805194805194806
991	0.9935064935064936
992	0.9935064935064936
993	0.9935064935064936
994	0.987012987012987
995	0.987012987012987
996	0.987012987012987
997	0.9935064935064936
998	0.987012987012987
999	0.9935064935064936
1000	0.9935064935064936
