1	0.06229508196721312
2	0.08196721311475409
3	0.10819672131147541
4	0.1737704918032787
5	0.3081967213114754
6	0.3114754098360656
7	0.32131147540983607
8	0.34098360655737703
9	0.38688524590163936
10	0.4065573770491803
11	0.39672131147540984
12	0.4262295081967213
13	0.4131147540983607
14	0.4262295081967213
15	0.39672131147540984
16	0.43934426229508194
17	0.46557377049180326
18	0.46885245901639344
19	0.4557377049180328
20	0.4819672131147541
21	0.5245901639344263
22	0.49836065573770494
23	0.5245901639344263
24	0.5377049180327869
25	0.6
26	0.5836065573770491
27	0.580327868852459
28	0.580327868852459
29	0.5540983606557377
30	0.5901639344262295
31	0.6524590163934426
32	0.6524590163934426
33	0.639344262295082
34	0.6491803278688525
35	0.6524590163934426
36	0.6721311475409836
37	0.6819672131147541
38	0.7213114754098361
39	0.7114754098360656
40	0.7245901639344262
41	0.7311475409836066
42	0.7245901639344262
43	0.7049180327868853
44	0.7213114754098361
45	0.6754098360655738
46	0.7377049180327869
47	0.7901639344262295
48	0.7737704918032787
49	0.7836065573770492
50	0.7508196721311475
51	0.7573770491803279
52	0.7836065573770492
53	0.8
54	0.8
55	0.7573770491803279
56	0.7868852459016393
57	0.7934426229508197
58	0.7901639344262295
59	0.8065573770491803
60	0.8327868852459016
61	0.8688524590163934
62	0.8655737704918033
63	0.8688524590163934
64	0.8885245901639345
65	0.8491803278688524
66	0.839344262295082
67	0.8655737704918033
68	0.8491803278688524
69	0.8590163934426229
70	0.8819672131147541
71	0.8655737704918033
72	0.8786885245901639
73	0.8590163934426229
74	0.8721311475409836
75	0.8655737704918033
76	0.8590163934426229
77	0.8754098360655738
78	0.8721311475409836
79	0.8655737704918033
80	0.8557377049180328
81	0.8819672131147541
82	0.8688524590163934
83	0.8885245901639345
84	0.8557377049180328
85	0.8885245901639345
86	0.8721311475409836
87	0.8786885245901639
88	0.8557377049180328
89	0.8786885245901639
90	0.8590163934426229
91	0.8754098360655738
92	0.898360655737705
93	0.9016393442622951
94	0.9016393442622951
95	0.9114754098360656
96	0.9081967213114754
97	0.8918032786885246
98	0.8819672131147541
99	0.9180327868852459
100	0.9114754098360656
101	0.9049180327868852
102	0.9081967213114754
103	0.9147540983606557
104	0.9278688524590164
105	0.9147540983606557
106	0.9245901639344263
107	0.9278688524590164
108	0.9180327868852459
109	0.9180327868852459
110	0.9344262295081968
111	0.9540983606557377
112	0.9606557377049181
113	0.9245901639344263
114	0.9442622950819672
115	0.9377049180327869
116	0.9639344262295082
117	0.9180327868852459
118	0.9475409836065574
119	0.9672131147540983
120	0.9344262295081968
121	0.9442622950819672
122	0.940983606557377
123	0.9540983606557377
124	0.9737704918032787
125	0.9672131147540983
126	0.9639344262295082
127	0.9672131147540983
128	0.9737704918032787
129	0.9639344262295082
130	0.9704918032786886
131	0.9672131147540983
132	0.9508196721311475
133	0.9672131147540983
134	0.9737704918032787
135	0.9704918032786886
136	0.9836065573770492
137	0.9770491803278688
138	0.9672131147540983
139	0.9901639344262295
140	0.9737704918032787
141	0.9704918032786886
142	0.9770491803278688
143	0.9770491803278688
144	0.9672131147540983
145	0.9836065573770492
146	0.9770491803278688
147	0.9770491803278688
148	0.9639344262295082
149	0.9770491803278688
150	0.9672131147540983
151	0.9770491803278688
152	0.9836065573770492
153	0.9704918032786886
154	0.9770491803278688
155	0.9737704918032787
156	0.9836065573770492
157	0.9868852459016394
158	0.9901639344262295
159	0.9770491803278688
160	0.9573770491803278
161	0.9672131147540983
162	0.9573770491803278
163	0.9737704918032787
164	0.9901639344262295
165	0.9868852459016394
166	0.980327868852459
167	0.9868852459016394
168	0.9836065573770492
169	0.9901639344262295
170	0.9737704918032787
171	0.9704918032786886
172	0.9737704918032787
173	0.9672131147540983
174	0.980327868852459
175	0.9704918032786886
176	0.9672131147540983
177	0.9770491803278688
178	0.9737704918032787
179	0.9573770491803278
180	0.9672131147540983
181	0.980327868852459
182	0.9704918032786886
183	0.9770491803278688
184	0.980327868852459
185	0.9704918032786886
186	0.9672131147540983
187	0.9770491803278688
188	0.9672131147540983
189	0.9836065573770492
190	0.9901639344262295
191	0.9967213114754099
192	0.9639344262295082
193	0.9639344262295082
194	0.9704918032786886
195	0.9672131147540983
196	0.9573770491803278
197	0.9639344262295082
198	0.9639344262295082
199	0.9573770491803278
200	0.9540983606557377
201	0.9540983606557377
202	0.9475409836065574
203	0.9606557377049181
204	0.9639344262295082
205	0.9508196721311475
206	0.9704918032786886
207	0.9573770491803278
208	0.9672131147540983
209	0.9639344262295082
210	0.9573770491803278
211	0.9704918032786886
212	0.9573770491803278
213	0.9639344262295082
214	0.9672131147540983
215	0.9672131147540983
216	0.9868852459016394
217	0.980327868852459
218	0.9704918032786886
219	0.9737704918032787
220	0.9737704918032787
221	0.9737704918032787
222	0.9672131147540983
223	0.980327868852459
224	0.9573770491803278
225	0.9508196721311475
226	0.9606557377049181
227	0.9475409836065574
228	0.9475409836065574
229	0.9540983606557377
230	0.9508196721311475
231	0.9704918032786886
232	0.9540983606557377
233	0.9606557377049181
234	0.940983606557377
235	0.9573770491803278
236	0.9508196721311475
237	0.9573770491803278
238	0.9606557377049181
239	0.9639344262295082
240	0.9934426229508196
241	0.9704918032786886
242	0.9704918032786886
243	0.9639344262295082
244	0.9639344262295082
245	0.9508196721311475
246	0.9672131147540983
247	0.9639344262295082
248	0.9704918032786886
249	0.9639344262295082
250	0.9573770491803278
251	0.9540983606557377
252	0.9704918032786886
253	0.9836065573770492
254	0.9770491803278688
255	0.9836065573770492
256	0.9639344262295082
257	0.9770491803278688
258	0.9770491803278688
259	0.9770491803278688
260	0.980327868852459
261	0.9737704918032787
262	0.9672131147540983
263	0.9704918032786886
264	0.9770491803278688
265	0.9672131147540983
266	0.9770491803278688
267	0.9868852459016394
268	0.980327868852459
269	0.9573770491803278
270	0.9540983606557377
271	0.9737704918032787
272	0.9934426229508196
273	0.9770491803278688
274	0.9704918032786886
275	0.9672131147540983
276	0.9770491803278688
277	0.9704918032786886
278	0.9737704918032787
279	0.980327868852459
280	0.9836065573770492
281	0.9704918032786886
282	0.9868852459016394
283	0.980327868852459
284	0.9836065573770492
285	0.9770491803278688
286	0.9672131147540983
287	0.9704918032786886
288	0.9704918032786886
289	0.980327868852459
290	0.9606557377049181
291	0.9639344262295082
292	0.9672131147540983
293	0.9737704918032787
294	0.9836065573770492
295	0.9967213114754099
296	0.9836065573770492
297	0.9868852459016394
298	0.9836065573770492
299	0.9836065573770492
300	0.9868852459016394
301	0.9868852459016394
302	0.980327868852459
303	0.9868852459016394
304	0.9836065573770492
305	0.9836065573770492
306	0.980327868852459
307	0.9770491803278688
308	0.9770491803278688
309	0.980327868852459
310	0.9704918032786886
311	0.9704918032786886
312	0.9704918032786886
313	0.980327868852459
314	0.9836065573770492
315	0.9737704918032787
316	0.9770491803278688
317	0.980327868852459
318	0.980327868852459
319	0.980327868852459
320	0.9737704918032787
321	0.9901639344262295
322	0.9901639344262295
323	0.9868852459016394
324	0.9934426229508196
325	0.9934426229508196
326	0.9934426229508196
327	0.9901639344262295
328	0.9934426229508196
329	0.9868852459016394
330	0.980327868852459
331	0.9934426229508196
332	0.9770491803278688
333	0.9868852459016394
334	0.9868852459016394
335	0.9836065573770492
336	0.9836065573770492
337	0.980327868852459
338	0.9868852459016394
339	0.9737704918032787
340	0.9934426229508196
341	0.9868852459016394
342	0.9901639344262295
343	0.9836065573770492
344	0.9934426229508196
345	0.9868852459016394
346	0.9934426229508196
347	0.9934426229508196
348	0.9868852459016394
349	0.9770491803278688
350	0.9868852459016394
351	0.9934426229508196
352	0.9967213114754099
353	1.0
354	1.0
355	0.9901639344262295
356	0.9836065573770492
357	0.980327868852459
358	0.9967213114754099
359	0.9967213114754099
360	0.9934426229508196
361	0.9868852459016394
362	0.9934426229508196
363	0.9934426229508196
364	0.9868852459016394
365	0.9868852459016394
366	0.9868852459016394
367	0.9901639344262295
368	0.9934426229508196
369	0.9967213114754099
370	0.9934426229508196
371	0.9967213114754099
372	1.0
373	0.9934426229508196
374	0.9901639344262295
375	0.9934426229508196
376	0.9967213114754099
377	1.0
378	1.0
379	0.9967213114754099
380	0.9967213114754099
381	0.9901639344262295
382	0.9901639344262295
383	0.9836065573770492
384	0.9934426229508196
385	0.9934426229508196
386	0.9901639344262295
387	0.9934426229508196
388	1.0
389	0.9967213114754099
390	0.9967213114754099
391	0.9868852459016394
392	0.9967213114754099
393	0.9967213114754099
394	0.9967213114754099
395	0.9901639344262295
396	0.9967213114754099
397	0.9901639344262295
398	1.0
399	0.9967213114754099
400	0.9967213114754099
401	1.0
402	0.9967213114754099
403	1.0
404	0.9967213114754099
405	1.0
406	1.0
407	1.0
408	1.0
409	1.0
410	1.0
411	1.0
412	1.0
413	1.0
414	1.0
415	1.0
416	1.0
417	0.9967213114754099
418	0.9934426229508196
419	0.9967213114754099
420	1.0
421	0.9967213114754099
422	0.9967213114754099
423	1.0
424	1.0
425	0.9967213114754099
426	1.0
427	1.0
428	1.0
429	0.9967213114754099
430	1.0
431	1.0
432	1.0
433	0.9967213114754099
434	0.9967213114754099
435	0.9967213114754099
436	0.9967213114754099
437	0.9967213114754099
438	1.0
439	1.0
440	1.0
441	0.9967213114754099
442	1.0
443	1.0
444	1.0
445	1.0
446	1.0
447	1.0
448	1.0
449	0.9967213114754099
450	1.0
451	1.0
452	1.0
453	1.0
454	0.9967213114754099
455	1.0
456	1.0
457	1.0
458	0.9934426229508196
459	0.9934426229508196
460	1.0
461	1.0
462	1.0
463	1.0
464	1.0
465	1.0
466	1.0
467	1.0
468	1.0
469	1.0
470	1.0
471	1.0
472	1.0
473	1.0
474	1.0
475	1.0
476	1.0
477	1.0
478	1.0
479	1.0
480	1.0
481	1.0
482	1.0
483	1.0
484	1.0
485	1.0
486	1.0
487	1.0
488	1.0
489	1.0
490	1.0
491	1.0
492	1.0
493	1.0
494	1.0
495	1.0
496	1.0
497	1.0
498	1.0
499	1.0
500	1.0
501	1.0
502	1.0
503	1.0
504	1.0
505	1.0
506	1.0
507	1.0
508	1.0
509	1.0
510	1.0
511	1.0
512	1.0
513	1.0
514	1.0
515	1.0
516	1.0
517	1.0
518	1.0
519	1.0
520	1.0
521	1.0
522	1.0
523	1.0
524	1.0
525	1.0
526	1.0
527	1.0
528	1.0
529	1.0
530	1.0
531	1.0
532	1.0
533	1.0
534	1.0
535	1.0
536	1.0
537	1.0
538	1.0
539	1.0
540	1.0
541	1.0
542	1.0
543	1.0
544	1.0
545	1.0
546	1.0
547	1.0
548	1.0
549	1.0
550	1.0
551	1.0
552	1.0
553	1.0
554	1.0
555	1.0
556	1.0
557	1.0
558	1.0
559	1.0
560	1.0
561	1.0
562	1.0
563	1.0
564	1.0
565	1.0
566	1.0
567	1.0
568	1.0
569	1.0
570	1.0
571	1.0
572	1.0
573	1.0
574	1.0
575	1.0
576	1.0
577	1.0
578	1.0
579	1.0
580	1.0
581	1.0
582	1.0
583	1.0
584	1.0
585	1.0
586	1.0
587	1.0
588	1.0
589	1.0
590	1.0
591	1.0
592	1.0
593	1.0
594	1.0
595	1.0
596	1.0
597	1.0
598	1.0
599	1.0
600	1.0
601	1.0
602	1.0
603	1.0
604	1.0
605	1.0
606	1.0
607	1.0
608	1.0
609	1.0
610	1.0
611	1.0
612	1.0
613	1.0
614	1.0
615	1.0
616	1.0
617	1.0
618	1.0
619	1.0
620	1.0
621	1.0
622	1.0
623	1.0
624	1.0
625	1.0
626	1.0
627	1.0
628	1.0
629	1.0
630	1.0
631	1.0
632	1.0
633	1.0
634	1.0
635	1.0
636	1.0
637	1.0
638	1.0
639	1.0
640	1.0
641	1.0
642	1.0
643	1.0
644	1.0
645	1.0
646	1.0
647	1.0
648	1.0
649	1.0
650	1.0
651	1.0
652	1.0
653	1.0
654	1.0
655	1.0
656	1.0
657	1.0
658	1.0
659	1.0
660	1.0
661	1.0
662	1.0
663	1.0
664	1.0
665	1.0
666	1.0
667	1.0
668	1.0
669	1.0
670	1.0
671	1.0
672	1.0
673	1.0
674	0.9967213114754099
675	1.0
676	1.0
677	1.0
678	1.0
679	1.0
680	1.0
681	1.0
682	1.0
683	1.0
684	1.0
685	1.0
686	1.0
687	1.0
688	1.0
689	1.0
690	1.0
691	1.0
692	1.0
693	1.0
694	1.0
695	1.0
696	1.0
697	1.0
698	1.0
699	1.0
700	1.0
701	1.0
702	1.0
703	1.0
704	1.0
705	1.0
706	1.0
707	1.0
708	1.0
709	1.0
710	1.0
711	1.0
712	1.0
713	1.0
714	1.0
715	1.0
716	1.0
717	1.0
718	1.0
719	1.0
720	1.0
721	1.0
722	1.0
723	1.0
724	1.0
725	1.0
726	1.0
727	0.9967213114754099
728	0.9967213114754099
729	1.0
730	1.0
731	1.0
732	1.0
733	1.0
734	1.0
735	1.0
736	1.0
737	1.0
738	1.0
739	1.0
740	1.0
741	1.0
742	1.0
743	1.0
744	1.0
745	1.0
746	1.0
747	1.0
748	1.0
749	1.0
750	1.0
751	1.0
752	1.0
753	1.0
754	1.0
755	1.0
756	1.0
757	1.0
758	1.0
759	1.0
760	1.0
761	1.0
762	1.0
763	1.0
764	1.0
765	1.0
766	1.0
767	1.0
768	1.0
769	1.0
770	1.0
771	1.0
772	1.0
773	1.0
774	1.0
775	1.0
776	1.0
777	1.0
778	1.0
779	1.0
780	1.0
781	1.0
782	1.0
783	1.0
784	1.0
785	1.0
786	1.0
787	1.0
788	1.0
789	1.0
790	1.0
791	1.0
792	1.0
793	1.0
794	1.0
795	1.0
796	1.0
797	1.0
798	1.0
799	1.0
800	1.0
801	1.0
802	1.0
803	1.0
804	1.0
805	1.0
806	1.0
807	1.0
808	1.0
809	1.0
810	1.0
811	1.0
812	1.0
813	1.0
814	1.0
815	1.0
816	1.0
817	1.0
818	1.0
819	1.0
820	1.0
821	1.0
822	1.0
823	1.0
824	1.0
825	1.0
826	1.0
827	1.0
828	1.0
829	1.0
830	1.0
831	1.0
832	1.0
833	1.0
834	1.0
835	1.0
836	1.0
837	1.0
838	1.0
839	1.0
840	1.0
841	1.0
842	1.0
843	1.0
844	1.0
845	1.0
846	1.0
847	1.0
848	1.0
849	1.0
850	1.0
851	1.0
852	1.0
853	1.0
854	1.0
855	1.0
856	1.0
857	1.0
858	1.0
859	1.0
860	1.0
861	1.0
862	1.0
863	1.0
864	1.0
865	1.0
866	1.0
867	1.0
868	1.0
869	1.0
870	1.0
871	1.0
872	1.0
873	1.0
874	1.0
875	1.0
876	1.0
877	1.0
878	1.0
879	0.9967213114754099
880	1.0
881	1.0
882	1.0
883	1.0
884	1.0
885	1.0
886	1.0
887	1.0
888	1.0
889	1.0
890	1.0
891	1.0
892	1.0
893	1.0
894	1.0
895	1.0
896	1.0
897	1.0
898	1.0
899	1.0
900	1.0
901	1.0
902	1.0
903	1.0
904	1.0
905	1.0
906	1.0
907	1.0
908	1.0
909	1.0
910	1.0
911	1.0
912	1.0
913	1.0
914	1.0
915	1.0
916	1.0
917	1.0
918	1.0
919	1.0
920	1.0
921	1.0
922	1.0
923	1.0
924	1.0
925	0.9967213114754099
926	1.0
927	1.0
928	1.0
929	1.0
930	1.0
931	1.0
932	1.0
933	1.0
934	1.0
935	1.0
936	1.0
937	1.0
938	1.0
939	1.0
940	1.0
941	1.0
942	1.0
943	1.0
944	1.0
945	1.0
946	1.0
947	1.0
948	1.0
949	1.0
950	1.0
951	1.0
952	1.0
953	1.0
954	1.0
955	1.0
956	1.0
957	1.0
958	1.0
959	1.0
960	1.0
961	1.0
962	1.0
963	1.0
964	1.0
965	1.0
966	1.0
967	1.0
968	1.0
969	1.0
970	1.0
971	1.0
972	1.0
973	1.0
974	1.0
975	1.0
976	1.0
977	1.0
978	1.0
979	1.0
980	1.0
981	1.0
982	1.0
983	1.0
984	1.0
985	1.0
986	1.0
987	1.0
988	1.0
989	1.0
990	1.0
991	1.0
992	1.0
993	1.0
994	1.0
995	1.0
996	1.0
997	1.0
998	1.0
999	1.0
1000	1.0
