1	0.007531380753138075
2	0.009205020920502092
3	0.010878661087866108
4	0.013389121338912133
5	0.016736401673640166
6	0.0200836820083682
7	0.023430962343096235
8	0.02510460251046025
9	0.03096234309623431
10	0.032635983263598324
11	0.04100418410041841
12	0.04769874476987448
13	0.045188284518828455
14	0.05104602510460251
15	0.059414225941422594
16	0.059414225941422594
17	0.06527196652719665
18	0.06861924686192468
19	0.07280334728033473
20	0.0895397489539749
21	0.09790794979079498
22	0.10376569037656903
23	0.09707112970711297
24	0.11297071129707113
25	0.1196652719665272
26	0.12468619246861924
27	0.13472803347280335
28	0.14393305439330545
29	0.15313807531380752
30	0.1497907949790795
31	0.1682008368200837
32	0.17573221757322174
33	0.17489539748953975
34	0.17322175732217573
35	0.1907949790794979
36	0.19665271966527198
37	0.19665271966527198
38	0.20753138075313807
39	0.19748953974895397
40	0.2108786610878661
41	0.2192468619246862
42	0.21338912133891214
43	0.22259414225941423
44	0.22343096234309623
45	0.2309623430962343
46	0.22259414225941423
47	0.22677824267782426
48	0.24518828451882846
49	0.2384937238493724
50	0.23682008368200838
51	0.23682008368200838
52	0.24686192468619247
53	0.25439330543933053
54	0.24267782426778242
55	0.2594142259414226
56	0.26276150627615064
57	0.28368200836820084
58	0.28117154811715483
59	0.28117154811715483
60	0.2694560669456067
61	0.26610878661087867
62	0.2769874476987448
63	0.2778242677824268
64	0.28451882845188287
65	0.2820083682008368
66	0.2828451882845188
67	0.29707112970711297
68	0.301255230125523
69	0.2895397489539749
70	0.30209205020920504
71	0.30460251046025105
72	0.3138075313807531
73	0.30460251046025105
74	0.32468619246861924
75	0.31715481171548116
76	0.302928870292887
77	0.30376569037656903
78	0.3422594142259414
79	0.3205020920502092
80	0.33472803347280333
81	0.32719665271966525
82	0.3288702928870293
83	0.33807531380753136
84	0.32552301255230126
85	0.34560669456066945
86	0.3389121338912134
87	0.3313807531380753
88	0.3397489539748954
89	0.3523012552301255
90	0.3397489539748954
91	0.34393305439330546
92	0.37489539748953976
93	0.3673640167364017
94	0.3631799163179916
95	0.3757322175732218
96	0.37154811715481173
97	0.39246861924686194
98	0.38661087866108784
99	0.3782426778242678
100	0.3673640167364017
101	0.3790794979079498
102	0.3598326359832636
103	0.3732217573221757
104	0.37740585774058577
105	0.4100418410041841
106	0.3807531380753138
107	0.4
108	0.40251046025104603
109	0.4108786610878661
110	0.40836820083682007
111	0.40502092050209204
112	0.42343096234309624
113	0.43347280334728033
114	0.41589958158995816
115	0.40334728033472805
116	0.4092050209205021
117	0.40251046025104603
118	0.40251046025104603
119	0.44184100418410044
120	0.4326359832635983
121	0.43347280334728033
122	0.4276150627615063
123	0.4476987447698745
124	0.43179916317991635
125	0.4502092050209205
126	0.44518828451882847
127	0.44602510460251044
128	0.4326359832635983
129	0.44602510460251044
130	0.4510460251046025
131	0.45439330543933054
132	0.4719665271966527
133	0.45271966527196655
134	0.44686192468619246
135	0.4594142259414226
136	0.4686192468619247
137	0.4594142259414226
138	0.46694560669456064
139	0.46527196652719666
140	0.4786610878661088
141	0.4585774058577406
142	0.47531380753138075
143	0.47280334728033474
144	0.4711297071129707
145	0.4811715481171548
146	0.4920502092050209
147	0.4887029288702929
148	0.48368200836820086
149	0.4887029288702929
150	0.4903765690376569
151	0.5054393305439331
152	0.48786610878661085
153	0.48535564853556484
154	0.4870292887029289
155	0.4702928870292887
156	0.4895397489539749
157	0.499581589958159
158	0.5104602510460251
159	0.5364016736401673
160	0.5205020920502093
161	0.49372384937238495
162	0.5246861924686193
163	0.5255230125523013
164	0.5313807531380753
165	0.5263598326359833
166	0.5380753138075314
167	0.5397489539748954
168	0.5548117154811716
169	0.5506276150627615
170	0.5573221757322175
171	0.5405857740585774
172	0.5288702928870292
173	0.5313807531380753
174	0.5271966527196653
175	0.5213389121338912
176	0.5581589958158996
177	0.5338912133891214
178	0.5288702928870292
179	0.5472803347280335
180	0.5221757322175732
181	0.5598326359832636
182	0.5548117154811716
183	0.5464435146443515
184	0.5489539748953974
185	0.5765690376569038
186	0.5615062761506276
187	0.5707112970711297
188	0.5506276150627615
189	0.5456066945606695
190	0.5623430962343097
191	0.5623430962343097
192	0.5489539748953974
193	0.5757322175732218
194	0.5682008368200837
195	0.5832635983263599
196	0.5698744769874478
197	0.5682008368200837
198	0.5556485355648536
199	0.5606694560669456
200	0.5615062761506276
201	0.5640167364016736
202	0.5924686192468619
203	0.5707112970711297
204	0.5748953974895398
205	0.5815899581589958
206	0.5757322175732218
207	0.5916317991631799
208	0.5723849372384937
209	0.5916317991631799
210	0.590794979079498
211	0.5899581589958159
212	0.601673640167364
213	0.602510460251046
214	0.6033472803347281
215	0.6108786610878661
216	0.6292887029288703
217	0.605857740585774
218	0.594979079497908
219	0.599163179916318
220	0.6301255230125523
221	0.6284518828451883
222	0.6284518828451883
223	0.6209205020920502
224	0.6117154811715482
225	0.6142259414225941
226	0.6225941422594142
227	0.6142259414225941
228	0.6234309623430963
229	0.6251046025104603
230	0.6510460251046025
231	0.6418410041841004
232	0.6351464435146443
233	0.6251046025104603
234	0.6192468619246861
235	0.6435146443514644
236	0.6225941422594142
237	0.6276150627615062
238	0.606694560669456
239	0.6351464435146443
240	0.6292887029288703
241	0.6502092050209205
242	0.6468619246861924
243	0.6410041841004184
244	0.6259414225941422
245	0.6435146443514644
246	0.6410041841004184
247	0.6451882845188285
248	0.6552301255230125
249	0.6410041841004184
250	0.6451882845188285
251	0.6543933054393305
252	0.6476987447698744
253	0.6376569037656904
254	0.6451882845188285
255	0.6535564853556486
256	0.6418410041841004
257	0.6577405857740586
258	0.6368200836820084
259	0.6552301255230125
260	0.6644351464435146
261	0.6677824267782427
262	0.6702928870292887
263	0.6803347280334728
264	0.6811715481171549
265	0.6728033472803348
266	0.6887029288702929
267	0.6686192468619246
268	0.6652719665271967
269	0.6769874476987447
270	0.695397489539749
271	0.6895397489539749
272	0.6887029288702929
273	0.6928870292887029
274	0.6644351464435146
275	0.6794979079497908
276	0.6702928870292887
277	0.6794979079497908
278	0.6619246861924686
279	0.6962343096234309
280	0.7129707112970711
281	0.6778242677824268
282	0.6728033472803348
283	0.6861924686192469
284	0.6778242677824268
285	0.6585774058577406
286	0.6811715481171549
287	0.703765690376569
288	0.6803347280334728
289	0.693723849372385
290	0.7071129707112971
291	0.6778242677824268
292	0.699581589958159
293	0.7104602510460251
294	0.704602510460251
295	0.6828451882845188
296	0.6820083682008368
297	0.7071129707112971
298	0.699581589958159
299	0.7112970711297071
300	0.703765690376569
301	0.7096234309623431
302	0.7112970711297071
303	0.7138075313807531
304	0.7112970711297071
305	0.7163179916317992
306	0.7221757322175733
307	0.7112970711297071
308	0.7213389121338912
309	0.7196652719665272
310	0.7146443514644352
311	0.701255230125523
312	0.7062761506276151
313	0.7313807531380753
314	0.7138075313807531
315	0.7389121338912134
316	0.7179916317991631
317	0.7422594142259414
318	0.7430962343096235
319	0.7355648535564854
320	0.7062761506276151
321	0.7422594142259414
322	0.7606694560669456
323	0.7230125523012553
324	0.702928870292887
325	0.7506276150627615
326	0.7631799163179916
327	0.7581589958158996
328	0.7556485355648536
329	0.7506276150627615
330	0.7355648535564854
331	0.7573221757322176
332	0.7330543933054393
333	0.7581589958158996
334	0.7556485355648536
335	0.7263598326359832
336	0.7389121338912134
337	0.7456066945606694
338	0.7347280334728034
339	0.7347280334728034
340	0.7355648535564854
341	0.7489539748953975
342	0.7556485355648536
343	0.7523012552301255
344	0.7598326359832636
345	0.7489539748953975
346	0.7405857740585774
347	0.7531380753138075
348	0.7447698744769874
349	0.7824267782426778
350	0.7556485355648536
351	0.7430962343096235
352	0.7648535564853557
353	0.7841004184100419
354	0.7665271966527196
355	0.7740585774058577
356	0.7606694560669456
357	0.7665271966527196
358	0.7506276150627615
359	0.7698744769874477
360	0.7648535564853557
361	0.7481171548117155
362	0.7589958158995815
363	0.7640167364016737
364	0.7656903765690377
365	0.7673640167364016
366	0.7782426778242678
367	0.7665271966527196
368	0.7673640167364016
369	0.7631799163179916
370	0.7782426778242678
371	0.7623430962343096
372	0.7774058577405858
373	0.7899581589958159
374	0.7640167364016737
375	0.7958158995815899
376	0.7949790794979079
377	0.7723849372384938
378	0.7815899581589958
379	0.7782426778242678
380	0.7832635983263598
381	0.7799163179916317
382	0.8075313807531381
383	0.799163179916318
384	0.7882845188284519
385	0.7723849372384938
386	0.8075313807531381
387	0.801673640167364
388	0.802510460251046
389	0.80418410041841
390	0.8075313807531381
391	0.7690376569037657
392	0.7841004184100419
393	0.7874476987447698
394	0.8150627615062761
395	0.7899581589958159
396	0.797489539748954
397	0.7740585774058577
398	0.798326359832636
399	0.7916317991631799
400	0.7949790794979079
401	0.799163179916318
402	0.8234309623430962
403	0.8234309623430962
404	0.8100418410041841
405	0.7899581589958159
406	0.8142259414225942
407	0.798326359832636
408	0.8058577405857741
409	0.8200836820083682
410	0.8117154811715481
411	0.803347280334728
412	0.799163179916318
413	0.8050209205020921
414	0.797489539748954
415	0.8200836820083682
416	0.8251046025104602
417	0.80836820083682
418	0.8058577405857741
419	0.8225941422594142
420	0.8242677824267782
421	0.8209205020920503
422	0.8251046025104602
423	0.8234309623430962
424	0.8209205020920503
425	0.8158995815899581
426	0.8251046025104602
427	0.8225941422594142
428	0.8242677824267782
429	0.8259414225941423
430	0.8117154811715481
431	0.8259414225941423
432	0.8225941422594142
433	0.8142259414225942
434	0.8225941422594142
435	0.8343096234309624
436	0.8418410041841005
437	0.8376569037656904
438	0.8284518828451883
439	0.8493723849372385
440	0.8251046025104602
441	0.8234309623430962
442	0.8242677824267782
443	0.8410041841004184
444	0.8368200836820083
445	0.8334728033472804
446	0.8284518828451883
447	0.8393305439330544
448	0.8301255230125523
449	0.8393305439330544
450	0.8393305439330544
451	0.8384937238493724
452	0.8393305439330544
453	0.8393305439330544
454	0.8476987447698745
455	0.8384937238493724
456	0.8426778242677824
457	0.8552301255230126
458	0.8468619246861925
459	0.8418410041841005
460	0.8585774058577406
461	0.8435146443514644
462	0.8393305439330544
463	0.8669456066945607
464	0.8527196652719665
465	0.8535564853556485
466	0.8301255230125523
467	0.8276150627615063
468	0.8435146443514644
469	0.8535564853556485
470	0.8435146443514644
471	0.8401673640167364
472	0.8418410041841005
473	0.8460251046025105
474	0.8468619246861925
475	0.8476987447698745
476	0.8460251046025105
477	0.8610878661087866
478	0.8451882845188284
479	0.8527196652719665
480	0.8627615062761507
481	0.8418410041841005
482	0.8527196652719665
483	0.8569037656903765
484	0.8594142259414226
485	0.8610878661087866
486	0.8602510460251046
487	0.8569037656903765
488	0.8577405857740585
489	0.8585774058577406
490	0.8560669456066946
491	0.8711297071129707
492	0.8493723849372385
493	0.8493723849372385
494	0.8460251046025105
495	0.8728033472803347
496	0.8577405857740585
497	0.8543933054393306
498	0.8485355648535565
499	0.8451882845188284
500	0.8535564853556485
501	0.8686192468619247
502	0.8468619246861925
503	0.8560669456066946
504	0.8518828451882845
505	0.8401673640167364
506	0.8585774058577406
507	0.8711297071129707
508	0.8711297071129707
509	0.8694560669456067
510	0.8535564853556485
511	0.8552301255230126
512	0.8744769874476988
513	0.8778242677824267
514	0.8744769874476988
515	0.8569037656903765
516	0.8702928870292888
517	0.8761506276150628
518	0.8661087866108786
519	0.8811715481171548
520	0.8719665271966527
521	0.8719665271966527
522	0.8694560669456067
523	0.8669456066945607
524	0.8644351464435146
525	0.8652719665271966
526	0.896234309623431
527	0.8903765690376569
528	0.8803347280334728
529	0.8677824267782427
530	0.8711297071129707
531	0.8861924686192468
532	0.8686192468619247
533	0.8845188284518829
534	0.8719665271966527
535	0.8753138075313808
536	0.8786610878661087
537	0.8661087866108786
538	0.8811715481171548
539	0.8761506276150628
540	0.8635983263598327
541	0.8736401673640167
542	0.8677824267782427
543	0.8903765690376569
544	0.8920502092050209
545	0.8820083682008368
546	0.8744769874476988
547	0.8820083682008368
548	0.8711297071129707
549	0.8711297071129707
550	0.8903765690376569
551	0.8853556485355648
552	0.8820083682008368
553	0.8786610878661087
554	0.8811715481171548
555	0.8878661087866109
556	0.8870292887029289
557	0.8903765690376569
558	0.8928870292887029
559	0.8920502092050209
560	0.8895397489539749
561	0.8920502092050209
562	0.8820083682008368
563	0.895397489539749
564	0.9146443514644351
565	0.902092050209205
566	0.8836820083682009
567	0.9037656903765691
568	0.891213389121339
569	0.9046025104602511
570	0.8945606694560669
571	0.8778242677824267
572	0.8928870292887029
573	0.8853556485355648
574	0.8928870292887029
575	0.8694560669456067
576	0.897907949790795
577	0.8803347280334728
578	0.897907949790795
579	0.8903765690376569
580	0.8836820083682009
581	0.897071129707113
582	0.9087866108786611
583	0.906276150627615
584	0.8903765690376569
585	0.907112970711297
586	0.8878661087866109
587	0.9079497907949791
588	0.9087866108786611
589	0.9046025104602511
590	0.8945606694560669
591	0.897071129707113
592	0.8928870292887029
593	0.9079497907949791
594	0.8878661087866109
595	0.896234309623431
596	0.9079497907949791
597	0.9112970711297071
598	0.9046025104602511
599	0.8987447698744769
600	0.897907949790795
601	0.902928870292887
602	0.9046025104602511
603	0.897907949790795
604	0.901255230125523
605	0.9087866108786611
606	0.897071129707113
607	0.9112970711297071
608	0.902092050209205
609	0.897071129707113
610	0.9037656903765691
611	0.899581589958159
612	0.9230125523012552
613	0.906276150627615
614	0.900418410041841
615	0.9171548117154812
616	0.9138075313807531
617	0.9146443514644351
618	0.891213389121339
619	0.906276150627615
620	0.9271966527196652
621	0.897071129707113
622	0.9112970711297071
623	0.9096234309623431
624	0.8861924686192468
625	0.8903765690376569
626	0.9087866108786611
627	0.9046025104602511
628	0.9163179916317992
629	0.9213389121338912
630	0.9188284518828452
631	0.9079497907949791
632	0.9037656903765691
633	0.9037656903765691
634	0.9054393305439331
635	0.897071129707113
636	0.907112970711297
637	0.901255230125523
638	0.9188284518828452
639	0.9046025104602511
640	0.9129707112970711
641	0.9246861924686193
642	0.9221757322175732
643	0.9238493723849373
644	0.9112970711297071
645	0.899581589958159
646	0.906276150627615
647	0.9154811715481171
648	0.9104602510460251
649	0.9171548117154812
650	0.9138075313807531
651	0.9163179916317992
652	0.9163179916317992
653	0.9230125523012552
654	0.9179916317991632
655	0.9196652719665271
656	0.9138075313807531
657	0.9246861924686193
658	0.9163179916317992
659	0.9196652719665271
660	0.9322175732217574
661	0.9163179916317992
662	0.9129707112970711
663	0.9087866108786611
664	0.9104602510460251
665	0.9179916317991632
666	0.9087866108786611
667	0.9238493723849373
668	0.9188284518828452
669	0.9188284518828452
670	0.9246861924686193
671	0.9288702928870293
672	0.9313807531380753
673	0.9129707112970711
674	0.9213389121338912
675	0.9146443514644351
676	0.9163179916317992
677	0.9246861924686193
678	0.9188284518828452
679	0.9179916317991632
680	0.9313807531380753
681	0.9422594142259414
682	0.9263598326359833
683	0.9313807531380753
684	0.9347280334728033
685	0.9313807531380753
686	0.9154811715481171
687	0.9213389121338912
688	0.9322175732217574
689	0.9213389121338912
690	0.9271966527196652
691	0.9338912133891213
692	0.9171548117154812
693	0.9171548117154812
694	0.9196652719665271
695	0.9213389121338912
696	0.9171548117154812
697	0.9146443514644351
698	0.9364016736401674
699	0.9163179916317992
700	0.9313807531380753
701	0.9154811715481171
702	0.9196652719665271
703	0.902928870292887
704	0.9230125523012552
705	0.9255230125523013
706	0.9179916317991632
707	0.9305439330543933
708	0.9079497907949791
709	0.9288702928870293
710	0.9188284518828452
711	0.9246861924686193
712	0.9288702928870293
713	0.9138075313807531
714	0.9112970711297071
715	0.9313807531380753
716	0.9255230125523013
717	0.9330543933054394
718	0.9364016736401674
719	0.9205020920502092
720	0.9255230125523013
721	0.9154811715481171
722	0.9246861924686193
723	0.9221757322175732
724	0.9271966527196652
725	0.9338912133891213
726	0.9288702928870293
727	0.9255230125523013
728	0.9246861924686193
729	0.9255230125523013
730	0.9305439330543933
731	0.9405857740585774
732	0.9397489539748954
733	0.9355648535564853
734	0.9297071129707113
735	0.9380753138075314
736	0.9347280334728033
737	0.9297071129707113
738	0.9439330543933054
739	0.9221757322175732
740	0.9364016736401674
741	0.9305439330543933
742	0.9372384937238494
743	0.9263598326359833
744	0.9288702928870293
745	0.9364016736401674
746	0.9297071129707113
747	0.9297071129707113
748	0.9213389121338912
749	0.9313807531380753
750	0.9280334728033472
751	0.9263598326359833
752	0.9246861924686193
753	0.9389121338912134
754	0.9372384937238494
755	0.9372384937238494
756	0.9397489539748954
757	0.9364016736401674
758	0.9246861924686193
759	0.9271966527196652
760	0.9205020920502092
761	0.9364016736401674
762	0.9430962343096234
763	0.9230125523012552
764	0.9246861924686193
765	0.9372384937238494
766	0.9380753138075314
767	0.9414225941422594
768	0.9338912133891213
769	0.9355648535564853
770	0.9297071129707113
771	0.9313807531380753
772	0.9280334728033472
773	0.9347280334728033
774	0.9188284518828452
775	0.9271966527196652
776	0.9338912133891213
777	0.9397489539748954
778	0.9347280334728033
779	0.9422594142259414
780	0.9313807531380753
781	0.9263598326359833
782	0.9112970711297071
783	0.9397489539748954
784	0.9355648535564853
785	0.9205020920502092
786	0.9288702928870293
787	0.9305439330543933
788	0.9389121338912134
789	0.9297071129707113
790	0.9238493723849373
791	0.9330543933054394
792	0.9364016736401674
793	0.9389121338912134
794	0.9322175732217574
795	0.9238493723849373
796	0.9347280334728033
797	0.9213389121338912
798	0.9238493723849373
799	0.9280334728033472
800	0.9422594142259414
801	0.9430962343096234
802	0.9322175732217574
803	0.9255230125523013
804	0.9330543933054394
805	0.9338912133891213
806	0.9313807531380753
807	0.9288702928870293
808	0.9439330543933054
809	0.9439330543933054
810	0.9305439330543933
811	0.9255230125523013
812	0.9397489539748954
813	0.9271966527196652
814	0.9288702928870293
815	0.9355648535564853
816	0.9372384937238494
817	0.9380753138075314
818	0.9347280334728033
819	0.9422594142259414
820	0.9313807531380753
821	0.9422594142259414
822	0.9347280334728033
823	0.9372384937238494
824	0.9330543933054394
825	0.9430962343096234
826	0.9456066945606695
827	0.9481171548117154
828	0.9414225941422594
829	0.9422594142259414
830	0.9430962343096234
831	0.9297071129707113
832	0.9514644351464435
833	0.9414225941422594
834	0.9439330543933054
835	0.9430962343096234
836	0.9489539748953975
837	0.9456066945606695
838	0.9405857740585774
839	0.9380753138075314
840	0.9380753138075314
841	0.9305439330543933
842	0.9397489539748954
843	0.9548117154811715
844	0.9330543933054394
845	0.9347280334728033
846	0.9397489539748954
847	0.9464435146443515
848	0.9481171548117154
849	0.9414225941422594
850	0.9347280334728033
851	0.9405857740585774
852	0.9380753138075314
853	0.9497907949790795
854	0.9497907949790795
855	0.9439330543933054
856	0.9430962343096234
857	0.9347280334728033
858	0.9355648535564853
859	0.9422594142259414
860	0.9414225941422594
861	0.9447698744769875
862	0.9347280334728033
863	0.9347280334728033
864	0.9456066945606695
865	0.9380753138075314
866	0.9405857740585774
867	0.9439330543933054
868	0.9472803347280335
869	0.9523012552301255
870	0.9414225941422594
871	0.9472803347280335
872	0.9539748953974896
873	0.9447698744769875
874	0.9447698744769875
875	0.9464435146443515
876	0.9472803347280335
877	0.9464435146443515
878	0.9355648535564853
879	0.9397489539748954
880	0.9464435146443515
881	0.9489539748953975
882	0.9564853556485355
883	0.9523012552301255
884	0.9397489539748954
885	0.9531380753138076
886	0.9430962343096234
887	0.9514644351464435
888	0.9430962343096234
889	0.9556485355648535
890	0.9472803347280335
891	0.9489539748953975
892	0.9439330543933054
893	0.9598326359832636
894	0.9531380753138076
895	0.9464435146443515
896	0.9514644351464435
897	0.9422594142259414
898	0.9531380753138076
899	0.9380753138075314
900	0.9414225941422594
901	0.9589958158995816
902	0.9422594142259414
903	0.9506276150627615
904	0.9472803347280335
905	0.9355648535564853
906	0.9472803347280335
907	0.9430962343096234
908	0.9489539748953975
909	0.9573221757322176
910	0.9414225941422594
911	0.9422594142259414
912	0.9472803347280335
913	0.9598326359832636
914	0.9539748953974896
915	0.9531380753138076
916	0.9472803347280335
917	0.9506276150627615
918	0.9523012552301255
919	0.9539748953974896
920	0.9497907949790795
921	0.9631799163179916
922	0.9539748953974896
923	0.9531380753138076
924	0.9523012552301255
925	0.9414225941422594
926	0.9548117154811715
927	0.9506276150627615
928	0.9481171548117154
929	0.9447698744769875
930	0.9439330543933054
931	0.9430962343096234
932	0.9665271966527197
933	0.9464435146443515
934	0.9514644351464435
935	0.9606694560669456
936	0.9447698744769875
937	0.9514644351464435
938	0.9447698744769875
939	0.9623430962343096
940	0.9623430962343096
941	0.9489539748953975
942	0.9489539748953975
943	0.9573221757322176
944	0.9631799163179916
945	0.9464435146443515
946	0.9732217573221758
947	0.9573221757322176
948	0.9615062761506277
949	0.9548117154811715
950	0.9564853556485355
951	0.9506276150627615
952	0.9573221757322176
953	0.9623430962343096
954	0.9539748953974896
955	0.9598326359832636
956	0.9598326359832636
957	0.9640167364016736
958	0.9598326359832636
959	0.9673640167364017
960	0.9623430962343096
961	0.9640167364016736
962	0.9506276150627615
963	0.9564853556485355
964	0.9623430962343096
965	0.9573221757322176
966	0.9489539748953975
967	0.9548117154811715
968	0.9698744769874477
969	0.9598326359832636
970	0.9506276150627615
971	0.9564853556485355
972	0.9648535564853556
973	0.9573221757322176
974	0.9698744769874477
975	0.9648535564853556
976	0.9640167364016736
977	0.9640167364016736
978	0.9648535564853556
979	0.9665271966527197
980	0.9623430962343096
981	0.9640167364016736
982	0.9531380753138076
983	0.9623430962343096
984	0.9506276150627615
985	0.9656903765690377
986	0.9665271966527197
987	0.9548117154811715
988	0.9623430962343096
989	0.9615062761506277
990	0.9631799163179916
991	0.9707112970711297
992	0.9589958158995816
993	0.9539748953974896
994	0.9682008368200837
995	0.9631799163179916
996	0.9598326359832636
997	0.9656903765690377
998	0.9673640167364017
999	0.9640167364016736
1000	0.9640167364016736
