1	0.010652463382157125
2	0.010652463382157125
3	0.017310252996005325
4	0.02529960053262317
5	0.022636484687083888
6	0.02130492676431425
7	0.02929427430093209
8	0.03595206391478029
9	0.03195739014647137
10	0.043941411451398134
11	0.05858854860186418
12	0.06524633821571238
13	0.06524633821571238
14	0.06790945406125166
15	0.07723035952063914
16	0.09320905459387484
17	0.10252996005326231
18	0.09986684420772303
19	0.12516644474034622
20	0.12383488681757657
21	0.12383488681757657
22	0.14247669773635152
23	0.13981358189081225
24	0.15978695073235685
25	0.1677762982689747
26	0.1611185086551265
27	0.1744340878828229
28	0.1810918774966711
29	0.16644474034620507
30	0.1810918774966711
31	0.19573901464713714
32	0.18375499334221038
33	0.2103861517976032
34	0.2170439414114514
35	0.2303595206391478
36	0.25166444740346205
37	0.24101198402130491
38	0.24101198402130491
39	0.2636484687083888
40	0.24633821571238348
41	0.2596537949400799
42	0.2929427430093209
43	0.2996005326231691
44	0.29427430093209056
45	0.2982689747003995
46	0.3129161118508655
47	0.2982689747003995
48	0.3288948069241012
49	0.3422103861517976
50	0.355525965379494
51	0.3808255659121172
52	0.38748335552596536
53	0.3648468708388815
54	0.374167776298269
55	0.39280958721704395
56	0.3914780292942743
57	0.4021304926764314
58	0.41145139813581894
59	0.4021304926764314
60	0.44873501997336884
61	0.4274300932090546
62	0.41544607190412786
63	0.4633821571238349
64	0.4580559254327563
65	0.45006657789613846
66	0.45139813581890814
67	0.44607190412782954
68	0.47137150466045274
69	0.48601864181091875
70	0.49134487350199735
71	0.4580559254327563
72	0.45272969374167776
73	0.5019973368841545
74	0.5193075898801598
75	0.5006657789613849
76	0.525965379494008
77	0.521970705725699
78	0.5179760319573902
79	0.5286284953395473
80	0.5019973368841545
81	0.5206391478029294
82	0.5446071904127829
83	0.5299600532623169
84	0.5286284953395473
85	0.5752330226364847
86	0.5446071904127829
87	0.5472703062583223
88	0.5712383488681758
89	0.5805592543275633
90	0.59254327563249
91	0.6018641810918774
92	0.6311584553928096
93	0.607190412782956
94	0.6138482023968043
95	0.6338215712383488
96	0.5952063914780293
97	0.6311584553928096
98	0.6378162450066578
99	0.6178428761651131
100	0.6378162450066578
101	0.6458055925432756
102	0.6631158455392809
103	0.6684420772303595
104	0.640479360852197
105	0.6724367509986684
106	0.6750998668442078
107	0.6564580559254327
108	0.6484687083888149
109	0.6524633821571239
110	0.6844207723035952
111	0.6790945406125166
112	0.6750998668442078
113	0.6750998668442078
114	0.6790945406125166
115	0.7017310252996005
116	0.7243675099866844
117	0.7123834886817576
118	0.7190412782956058
119	0.7097203728362184
120	0.6897470039946738
121	0.7243675099866844
122	0.711051930758988
123	0.7057256990679095
124	0.7070572569906791
125	0.711051930758988
126	0.7390146471371505
127	0.7336884154460719
128	0.7283621837549934
129	0.7163781624500666
130	0.7456724367509987
131	0.7336884154460719
132	0.7430093209054593
133	0.7430093209054593
134	0.7603195739014648
135	0.7576564580559254
136	0.7376830892143809
137	0.7403462050599201
138	0.7443408788282291
139	0.7723035952063915
140	0.7456724367509987
141	0.758988015978695
142	0.7616511318242344
143	0.7523302263648469
144	0.7509986684420772
145	0.7549933422103862
146	0.7509986684420772
147	0.7776298268974701
148	0.7736351531291611
149	0.7470039946737683
150	0.7736351531291611
151	0.7616511318242344
152	0.7616511318242344
153	0.7789613848202397
154	0.7456724367509987
155	0.7842876165113183
156	0.7882822902796272
157	0.7802929427430093
158	0.7443408788282291
159	0.7603195739014648
160	0.7776298268974701
161	0.7789613848202397
162	0.7816245006657789
163	0.7842876165113183
164	0.7509986684420772
165	0.7989347536617842
166	0.7762982689747004
167	0.7829560585885486
168	0.7603195739014648
169	0.7829560585885486
170	0.8069241011984021
171	0.7829560585885486
172	0.8149134487350199
173	0.8095872170439414
174	0.7922769640479361
175	0.8015978695073236
176	0.7989347536617842
177	0.810918774966711
178	0.8175765645805593
179	0.8175765645805593
180	0.8215712383488681
181	0.8242343541944075
182	0.8242343541944075
183	0.8268974700399467
184	0.8468708388814914
185	0.8455392809587217
186	0.8561917443408789
187	0.8655126498002663
188	0.844207723035952
189	0.8322237017310253
190	0.8575233022636485
191	0.8708388814913449
192	0.8455392809587217
193	0.8735019973368842
194	0.8868175765645806
195	0.8615179760319573
196	0.8628495339547271
197	0.8735019973368842
198	0.8868175765645806
199	0.8908122503328895
200	0.8868175765645806
201	0.8615179760319573
202	0.8735019973368842
203	0.9054593874833555
204	0.9054593874833555
205	0.9067909454061251
206	0.9054593874833555
207	0.9081225033288948
208	0.9094540612516645
209	0.9081225033288948
210	0.9027962716378163
211	0.8934753661784287
212	0.9214380825565912
213	0.9081225033288948
214	0.9134487350199734
215	0.9001331557922769
216	0.9227696404793608
217	0.9320905459387483
218	0.9227696404793608
219	0.9320905459387483
220	0.9267643142476698
221	0.914780292942743
222	0.9174434087882823
223	0.9214380825565912
224	0.9307589880159787
225	0.9280958721704394
226	0.9374167776298269
227	0.9267643142476698
228	0.9280958721704394
229	0.9360852197070573
230	0.9347536617842876
231	0.9374167776298269
232	0.9267643142476698
233	0.9374167776298269
234	0.9547270306258322
235	0.9347536617842876
236	0.9440745672436751
237	0.9387483355525965
238	0.9587217043941412
239	0.9267643142476698
240	0.9494007989347537
241	0.9533954727030626
242	0.9507323568575233
243	0.9360852197070573
244	0.9494007989347537
245	0.948069241011984
246	0.9573901464713716
247	0.9467376830892144
248	0.952063914780293
249	0.948069241011984
250	0.9640479360852197
251	0.9680426098535286
252	0.9560585885486018
253	0.952063914780293
254	0.9613848202396804
255	0.9507323568575233
256	0.9653794940079894
257	0.9547270306258322
258	0.9707057256990679
259	0.9640479360852197
260	0.9653794940079894
261	0.9560585885486018
262	0.9547270306258322
263	0.9680426098535286
264	0.9680426098535286
265	0.966711051930759
266	0.9680426098535286
267	0.9786950732356857
268	0.9613848202396804
269	0.9587217043941412
270	0.9653794940079894
271	0.9613848202396804
272	0.9693741677762983
273	0.966711051930759
274	0.9760319573901465
275	0.9747003994673769
276	0.9760319573901465
277	0.9747003994673769
278	0.96271637816245
279	0.966711051930759
280	0.9720372836218375
281	0.96271637816245
282	0.9640479360852197
283	0.9653794940079894
284	0.9613848202396804
285	0.9693741677762983
286	0.9826897470039947
287	0.966711051930759
288	0.9720372836218375
289	0.96271637816245
290	0.9640479360852197
291	0.9613848202396804
292	0.9693741677762983
293	0.9680426098535286
294	0.9747003994673769
295	0.9760319573901465
296	0.9720372836218375
297	0.9693741677762983
298	0.966711051930759
299	0.9773635153129161
300	0.9747003994673769
301	0.9853528628495339
302	0.9760319573901465
303	0.9760319573901465
304	0.9760319573901465
305	0.9773635153129161
306	0.9720372836218375
307	0.9733688415446072
308	0.9747003994673769
309	0.9747003994673769
310	0.966711051930759
311	0.9800266311584553
312	0.9720372836218375
313	0.9826897470039947
314	0.9773635153129161
315	0.9680426098535286
316	0.9720372836218375
317	0.9786950732356857
318	0.9707057256990679
319	0.9773635153129161
320	0.9800266311584553
321	0.9720372836218375
322	0.9720372836218375
323	0.9800266311584553
324	0.9800266311584553
325	0.9680426098535286
326	0.9720372836218375
327	0.966711051930759
328	0.9720372836218375
329	0.9760319573901465
330	0.9773635153129161
331	0.9747003994673769
332	0.9640479360852197
333	0.9720372836218375
334	0.9747003994673769
335	0.9733688415446072
336	0.9747003994673769
337	0.9786950732356857
338	0.9733688415446072
339	0.9693741677762983
340	0.9747003994673769
341	0.9707057256990679
342	0.9800266311584553
343	0.9733688415446072
344	0.9760319573901465
345	0.966711051930759
346	0.966711051930759
347	0.9813581890812251
348	0.9773635153129161
349	0.9760319573901465
350	0.9813581890812251
351	0.96271637816245
352	0.9773635153129161
353	0.9786950732356857
354	0.9760319573901465
355	0.966711051930759
356	0.9747003994673769
357	0.9747003994673769
358	0.9760319573901465
359	0.9653794940079894
360	0.9707057256990679
361	0.9680426098535286
362	0.9786950732356857
363	0.9760319573901465
364	0.9760319573901465
365	0.9800266311584553
366	0.9773635153129161
367	0.9826897470039947
368	0.9800266311584553
369	0.9707057256990679
370	0.9640479360852197
371	0.9693741677762983
372	0.9906790945406125
373	0.9826897470039947
374	0.9733688415446072
375	0.9840213049267643
376	0.9733688415446072
377	0.9880159786950732
378	0.9707057256990679
379	0.9747003994673769
380	0.9773635153129161
381	0.96271637816245
382	0.9773635153129161
383	0.9800266311584553
384	0.9760319573901465
385	0.9733688415446072
386	0.9733688415446072
387	0.9640479360852197
388	0.9760319573901465
389	0.9747003994673769
390	0.9693741677762983
391	0.9707057256990679
392	0.9813581890812251
393	0.9747003994673769
394	0.9680426098535286
395	0.9653794940079894
396	0.9773635153129161
397	0.9813581890812251
398	0.9760319573901465
399	0.9800266311584553
400	0.9813581890812251
401	0.9707057256990679
402	0.9866844207723036
403	0.9707057256990679
404	0.9760319573901465
405	0.9773635153129161
406	0.9773635153129161
407	0.9747003994673769
408	0.9853528628495339
409	0.9800266311584553
410	0.9786950732356857
411	0.9720372836218375
412	0.9560585885486018
413	0.9747003994673769
414	0.9773635153129161
415	0.9773635153129161
416	0.9747003994673769
417	0.9773635153129161
418	0.9786950732356857
419	0.966711051930759
420	0.9720372836218375
421	0.96271637816245
422	0.9800266311584553
423	0.9840213049267643
424	0.9773635153129161
425	0.9853528628495339
426	0.9747003994673769
427	0.9733688415446072
428	0.9773635153129161
429	0.9733688415446072
430	0.9786950732356857
431	0.9760319573901465
432	0.9693741677762983
433	0.9773635153129161
434	0.9760319573901465
435	0.966711051930759
436	0.9720372836218375
437	0.9720372836218375
438	0.9866844207723036
439	0.9813581890812251
440	0.9826897470039947
441	0.96271637816245
442	0.9653794940079894
443	0.96271637816245
444	0.9747003994673769
445	0.9720372836218375
446	0.9680426098535286
447	0.9693741677762983
448	0.9826897470039947
449	0.9786950732356857
450	0.9720372836218375
451	0.9760319573901465
452	0.9613848202396804
453	0.9680426098535286
454	0.9800266311584553
455	0.9720372836218375
456	0.9720372836218375
457	0.9760319573901465
458	0.9693741677762983
459	0.9720372836218375
460	0.966711051930759
461	0.9866844207723036
462	0.9587217043941412
463	0.9693741677762983
464	0.9720372836218375
465	0.9800266311584553
466	0.9800266311584553
467	0.9587217043941412
468	0.9747003994673769
469	0.9707057256990679
470	0.9733688415446072
471	0.9693741677762983
472	0.9786950732356857
473	0.966711051930759
474	0.9707057256990679
475	0.9800266311584553
476	0.9786950732356857
477	0.9680426098535286
478	0.9760319573901465
479	0.9720372836218375
480	0.9800266311584553
481	0.9747003994673769
482	0.9747003994673769
483	0.9760319573901465
484	0.9853528628495339
485	0.9760319573901465
486	0.9707057256990679
487	0.9760319573901465
488	0.9747003994673769
489	0.9720372836218375
490	0.9800266311584553
491	0.9826897470039947
492	0.9747003994673769
493	0.9773635153129161
494	0.9760319573901465
495	0.9826897470039947
496	0.9720372836218375
497	0.9640479360852197
498	0.9680426098535286
499	0.9707057256990679
500	0.96271637816245
501	0.9800266311584553
502	0.9773635153129161
503	0.9773635153129161
504	0.9800266311584553
505	0.9720372836218375
506	0.9587217043941412
507	0.9773635153129161
508	0.9720372836218375
509	0.9733688415446072
510	0.9826897470039947
511	0.9653794940079894
512	0.9747003994673769
513	0.9653794940079894
514	0.9773635153129161
515	0.9747003994673769
516	0.9747003994673769
517	0.9720372836218375
518	0.966711051930759
519	0.9773635153129161
520	0.9786950732356857
521	0.9573901464713716
522	0.9640479360852197
523	0.9693741677762983
524	0.9773635153129161
525	0.9707057256990679
526	0.9653794940079894
527	0.9747003994673769
528	0.9826897470039947
529	0.9720372836218375
530	0.9733688415446072
531	0.9720372836218375
532	0.9693741677762983
533	0.9840213049267643
534	0.9773635153129161
535	0.9747003994673769
536	0.9613848202396804
537	0.9800266311584553
538	0.9747003994673769
539	0.9773635153129161
540	0.9747003994673769
541	0.9613848202396804
542	0.9707057256990679
543	0.9773635153129161
544	0.9760319573901465
545	0.9720372836218375
546	0.9707057256990679
547	0.9747003994673769
548	0.9760319573901465
549	0.9680426098535286
550	0.9773635153129161
551	0.9786950732356857
552	0.9680426098535286
553	0.9720372836218375
554	0.9707057256990679
555	0.9800266311584553
556	0.9773635153129161
557	0.9693741677762983
558	0.9747003994673769
559	0.9733688415446072
560	0.9720372836218375
561	0.9680426098535286
562	0.9840213049267643
563	0.966711051930759
564	0.9707057256990679
565	0.9693741677762983
566	0.9853528628495339
567	0.9813581890812251
568	0.9747003994673769
569	0.9760319573901465
570	0.9680426098535286
571	0.9773635153129161
572	0.9693741677762983
573	0.9680426098535286
574	0.966711051930759
575	0.9693741677762983
576	0.9880159786950732
577	0.9613848202396804
578	0.9760319573901465
579	0.9760319573901465
580	0.9773635153129161
581	0.9786950732356857
582	0.9773635153129161
583	0.9613848202396804
584	0.9800266311584553
585	0.9720372836218375
586	0.9813581890812251
587	0.9720372836218375
588	0.9840213049267643
589	0.9786950732356857
590	0.9760319573901465
591	0.9720372836218375
592	0.9826897470039947
593	0.966711051930759
594	0.9613848202396804
595	0.9693741677762983
596	0.9720372836218375
597	0.9826897470039947
598	0.9786950732356857
599	0.9640479360852197
600	0.9800266311584553
601	0.9747003994673769
602	0.9786950732356857
603	0.9773635153129161
604	0.9773635153129161
605	0.9773635153129161
606	0.9773635153129161
607	0.9773635153129161
608	0.9733688415446072
609	0.9747003994673769
610	0.9747003994673769
611	0.9773635153129161
612	0.9760319573901465
613	0.9813581890812251
614	0.9773635153129161
615	0.9773635153129161
616	0.9853528628495339
617	0.9733688415446072
618	0.9760319573901465
619	0.9760319573901465
620	0.9707057256990679
621	0.9707057256990679
622	0.9786950732356857
623	0.9707057256990679
624	0.9800266311584553
625	0.9707057256990679
626	0.9773635153129161
627	0.9813581890812251
628	0.9720372836218375
629	0.9760319573901465
630	0.9653794940079894
631	0.9733688415446072
632	0.9786950732356857
633	0.9826897470039947
634	0.9653794940079894
635	0.9826897470039947
636	0.9786950732356857
637	0.9773635153129161
638	0.9800266311584553
639	0.9760319573901465
640	0.9760319573901465
641	0.9693741677762983
642	0.966711051930759
643	0.9693741677762983
644	0.9747003994673769
645	0.9733688415446072
646	0.9707057256990679
647	0.9720372836218375
648	0.9693741677762983
649	0.9773635153129161
650	0.9840213049267643
651	0.9773635153129161
652	0.9826897470039947
653	0.9747003994673769
654	0.9693741677762983
655	0.9733688415446072
656	0.9800266311584553
657	0.9880159786950732
658	0.9720372836218375
659	0.9733688415446072
660	0.9813581890812251
661	0.9680426098535286
662	0.9680426098535286
663	0.9733688415446072
664	0.9680426098535286
665	0.9747003994673769
666	0.9680426098535286
667	0.9707057256990679
668	0.9707057256990679
669	0.9866844207723036
670	0.966711051930759
671	0.9800266311584553
672	0.9760319573901465
673	0.9773635153129161
674	0.9760319573901465
675	0.9786950732356857
676	0.9760319573901465
677	0.9813581890812251
678	0.9826897470039947
679	0.9613848202396804
680	0.96271637816245
681	0.9680426098535286
682	0.9640479360852197
683	0.9720372836218375
684	0.9786950732356857
685	0.9747003994673769
686	0.9653794940079894
687	0.9786950732356857
688	0.9613848202396804
689	0.9747003994673769
690	0.9800266311584553
691	0.9653794940079894
692	0.9693741677762983
693	0.9760319573901465
694	0.9587217043941412
695	0.9733688415446072
696	0.9773635153129161
697	0.9720372836218375
698	0.9866844207723036
699	0.9826897470039947
700	0.9760319573901465
701	0.9720372836218375
702	0.9773635153129161
703	0.9866844207723036
704	0.9747003994673769
705	0.9826897470039947
706	0.9826897470039947
707	0.9600532623169108
708	0.9733688415446072
709	0.9773635153129161
710	0.9800266311584553
711	0.9760319573901465
712	0.9653794940079894
713	0.9733688415446072
714	0.9747003994673769
715	0.9800266311584553
716	0.9720372836218375
717	0.9733688415446072
718	0.9640479360852197
719	0.9720372836218375
720	0.9826897470039947
721	0.9826897470039947
722	0.9733688415446072
723	0.9800266311584553
724	0.9760319573901465
725	0.9826897470039947
726	0.9760319573901465
727	0.9733688415446072
728	0.9693741677762983
729	0.9707057256990679
730	0.9813581890812251
731	0.9800266311584553
732	0.966711051930759
733	0.9693741677762983
734	0.9653794940079894
735	0.9760319573901465
736	0.9693741677762983
737	0.9786950732356857
738	0.9773635153129161
739	0.9747003994673769
740	0.96271637816245
741	0.9707057256990679
742	0.9760319573901465
743	0.9747003994673769
744	0.9786950732356857
745	0.9733688415446072
746	0.9800266311584553
747	0.9747003994673769
748	0.9680426098535286
749	0.9773635153129161
750	0.9653794940079894
751	0.9800266311584553
752	0.9773635153129161
753	0.9733688415446072
754	0.9733688415446072
755	0.9733688415446072
756	0.9773635153129161
757	0.9693741677762983
758	0.9826897470039947
759	0.9600532623169108
760	0.9680426098535286
761	0.9760319573901465
762	0.9720372836218375
763	0.9707057256990679
764	0.9760319573901465
765	0.9693741677762983
766	0.9747003994673769
767	0.9733688415446072
768	0.9680426098535286
769	0.9747003994673769
770	0.9773635153129161
771	0.9826897470039947
772	0.9707057256990679
773	0.9786950732356857
774	0.9707057256990679
775	0.9747003994673769
776	0.9680426098535286
777	0.9826897470039947
778	0.9747003994673769
779	0.9773635153129161
780	0.9707057256990679
781	0.9786950732356857
782	0.9773635153129161
783	0.9880159786950732
784	0.9826897470039947
785	0.9760319573901465
786	0.9733688415446072
787	0.9786950732356857
788	0.9747003994673769
789	0.9747003994673769
790	0.9773635153129161
791	0.9733688415446072
792	0.9720372836218375
793	0.9773635153129161
794	0.9693741677762983
795	0.9760319573901465
796	0.9747003994673769
797	0.9760319573901465
798	0.9653794940079894
799	0.96271637816245
800	0.9707057256990679
801	0.9720372836218375
802	0.9707057256990679
803	0.9693741677762983
804	0.9733688415446072
805	0.9747003994673769
806	0.9853528628495339
807	0.9507323568575233
808	0.9693741677762983
809	0.9786950732356857
810	0.9733688415446072
811	0.9786950732356857
812	0.9693741677762983
813	0.9826897470039947
814	0.9853528628495339
815	0.9853528628495339
816	0.9813581890812251
817	0.9760319573901465
818	0.9786950732356857
819	0.9800266311584553
820	0.9653794940079894
821	0.9680426098535286
822	0.9733688415446072
823	0.9747003994673769
824	0.9720372836218375
825	0.9760319573901465
826	0.9760319573901465
827	0.9707057256990679
828	0.9720372836218375
829	0.9786950732356857
830	0.9786950732356857
831	0.9866844207723036
832	0.9760319573901465
833	0.9800266311584553
834	0.9707057256990679
835	0.9760319573901465
836	0.9760319573901465
837	0.9707057256990679
838	0.9707057256990679
839	0.9853528628495339
840	0.9707057256990679
841	0.9786950732356857
842	0.9693741677762983
843	0.9613848202396804
844	0.9707057256990679
845	0.9800266311584553
846	0.9733688415446072
847	0.9733688415446072
848	0.9720372836218375
849	0.9600532623169108
850	0.9760319573901465
851	0.9640479360852197
852	0.9760319573901465
853	0.9640479360852197
854	0.9826897470039947
855	0.9813581890812251
856	0.9747003994673769
857	0.9600532623169108
858	0.9786950732356857
859	0.9733688415446072
860	0.9760319573901465
861	0.9613848202396804
862	0.96271637816245
863	0.9707057256990679
864	0.9800266311584553
865	0.9826897470039947
866	0.9707057256990679
867	0.9880159786950732
868	0.9640479360852197
869	0.9786950732356857
870	0.9747003994673769
871	0.9893475366178429
872	0.9720372836218375
873	0.9680426098535286
874	0.9693741677762983
875	0.9786950732356857
876	0.9720372836218375
877	0.9600532623169108
878	0.966711051930759
879	0.9773635153129161
880	0.9800266311584553
881	0.9693741677762983
882	0.9747003994673769
883	0.9653794940079894
884	0.9707057256990679
885	0.9720372836218375
886	0.9680426098535286
887	0.9707057256990679
888	0.9733688415446072
889	0.9866844207723036
890	0.9800266311584553
891	0.9707057256990679
892	0.9840213049267643
893	0.9680426098535286
894	0.9640479360852197
895	0.9813581890812251
896	0.9826897470039947
897	0.9733688415446072
898	0.9813581890812251
899	0.9720372836218375
900	0.9773635153129161
901	0.9747003994673769
902	0.9800266311584553
903	0.9773635153129161
904	0.966711051930759
905	0.9613848202396804
906	0.9653794940079894
907	0.9693741677762983
908	0.9533954727030626
909	0.9587217043941412
910	0.9733688415446072
911	0.9707057256990679
912	0.9680426098535286
913	0.9733688415446072
914	0.9826897470039947
915	0.9826897470039947
916	0.9866844207723036
917	0.9880159786950732
918	0.9773635153129161
919	0.9786950732356857
920	0.9693741677762983
921	0.9800266311584553
922	0.9747003994673769
923	0.9773635153129161
924	0.9653794940079894
925	0.9760319573901465
926	0.9800266311584553
927	0.9773635153129161
928	0.9760319573901465
929	0.9693741677762983
930	0.9813581890812251
931	0.9600532623169108
932	0.966711051930759
933	0.9693741677762983
934	0.9720372836218375
935	0.9600532623169108
936	0.9600532623169108
937	0.9800266311584553
938	0.9786950732356857
939	0.966711051930759
940	0.9866844207723036
941	0.9826897470039947
942	0.9720372836218375
943	0.9760319573901465
944	0.96271637816245
945	0.9760319573901465
946	0.9720372836218375
947	0.9707057256990679
948	0.9707057256990679
949	0.9813581890812251
950	0.9680426098535286
951	0.9733688415446072
952	0.9773635153129161
953	0.966711051930759
954	0.9733688415446072
955	0.9760319573901465
956	0.9640479360852197
957	0.9773635153129161
958	0.9813581890812251
959	0.9693741677762983
960	0.9773635153129161
961	0.9760319573901465
962	0.9800266311584553
963	0.9840213049267643
964	0.9826897470039947
965	0.9840213049267643
966	0.9773635153129161
967	0.9760319573901465
968	0.9640479360852197
969	0.9693741677762983
970	0.9693741677762983
971	0.9773635153129161
972	0.9760319573901465
973	0.9826897470039947
974	0.9693741677762983
975	0.9773635153129161
976	0.9707057256990679
977	0.9747003994673769
978	0.9760319573901465
979	0.9733688415446072
980	0.9733688415446072
981	0.9800266311584553
982	0.9720372836218375
983	0.9733688415446072
984	0.9760319573901465
985	0.9786950732356857
986	0.9826897470039947
987	0.9760319573901465
988	0.9733688415446072
989	0.9680426098535286
990	0.966711051930759
991	0.9653794940079894
992	0.9720372836218375
993	0.9707057256990679
994	0.9800266311584553
995	0.9773635153129161
996	0.9720372836218375
997	0.9720372836218375
998	0.9773635153129161
999	0.9720372836218375
1000	0.9800266311584553
