1	0.00536480686695279
2	0.006437768240343348
3	0.013948497854077254
4	0.017167381974248927
5	0.02145922746781116
6	0.03648068669527897
7	0.034334763948497854
8	0.03540772532188841
9	0.03540772532188841
10	0.046137339055793994
11	0.04935622317596566
12	0.05042918454935622
13	0.060085836909871244
14	0.07081545064377683
15	0.06974248927038626
16	0.09334763948497854
17	0.09978540772532189
18	0.10622317596566523
19	0.12339055793991416
20	0.12875536480686695
21	0.1459227467811159
22	0.1351931330472103
23	0.1555793991416309
24	0.16523605150214593
25	0.17274678111587982
26	0.17381974248927037
27	0.1834763948497854
28	0.1834763948497854
29	0.18991416309012876
30	0.2092274678111588
31	0.2296137339055794
32	0.21888412017167383
33	0.22639484978540772
34	0.21781115879828325
35	0.2478540772532189
36	0.24678111587982832
37	0.2478540772532189
38	0.26824034334763946
39	0.26716738197424894
40	0.2703862660944206
41	0.2811158798283262
42	0.2918454935622318
43	0.2982832618025751
44	0.3293991416309013
45	0.29506437768240346
46	0.3143776824034335
47	0.3208154506437768
48	0.3369098712446352
49	0.34012875536480686
50	0.33369098712446355
51	0.3562231759656652
52	0.34334763948497854
53	0.3594420600858369
54	0.388412017167382
55	0.3776824034334764
56	0.39914163090128757
57	0.41630901287553645
58	0.3969957081545064
59	0.4184549356223176
60	0.39914163090128757
61	0.4184549356223176
62	0.41523605150214593
63	0.43240343347639487
64	0.4313304721030043
65	0.434549356223176
66	0.44313304721030045
67	0.45064377682403434
68	0.4356223175965665
69	0.44420600858369097
70	0.44635193133047213
71	0.4388412017167382
72	0.453862660944206
73	0.46030042918454933
74	0.4645922746781116
75	0.48497854077253216
76	0.4796137339055794
77	0.490343347639485
78	0.5118025751072961
79	0.5311158798283262
80	0.5332618025751072
81	0.5396995708154506
82	0.5300429184549357
83	0.5300429184549357
84	0.546137339055794
85	0.5214592274678111
86	0.5525751072961373
87	0.5482832618025751
88	0.546137339055794
89	0.5783261802575107
90	0.5686695278969958
91	0.5740343347639485
92	0.5965665236051502
93	0.5869098712446352
94	0.5836909871244635
95	0.5976394849785408
96	0.6030042918454935
97	0.5826180257510729
98	0.5944206008583691
99	0.6255364806866953
100	0.6158798283261803
101	0.6255364806866953
102	0.6223175965665236
103	0.6362660944206009
104	0.6137339055793991
105	0.6148068669527897
106	0.621244635193133
107	0.6330472103004292
108	0.628755364806867
109	0.6695278969957081
110	0.6330472103004292
111	0.648068669527897
112	0.6545064377682404
113	0.6695278969957081
114	0.6566523605150214
115	0.6824034334763949
116	0.6663090128755365
117	0.6587982832618026
118	0.6555793991416309
119	0.6673819742489271
120	0.6491416309012875
121	0.6673819742489271
122	0.6909871244635193
123	0.7017167381974249
124	0.6437768240343348
125	0.6566523605150214
126	0.6866952789699571
127	0.6866952789699571
128	0.6920600858369099
129	0.6888412017167382
130	0.6845493562231759
131	0.6856223175965666
132	0.6995708154506438
133	0.6856223175965666
134	0.7070815450643777
135	0.7017167381974249
136	0.7017167381974249
137	0.6995708154506438
138	0.6695278969957081
139	0.7242489270386266
140	0.6781115879828327
141	0.7070815450643777
142	0.7178111587982833
143	0.703862660944206
144	0.6952789699570815
145	0.7070815450643777
146	0.6952789699570815
147	0.703862660944206
148	0.7253218884120172
149	0.7478540772532188
150	0.7242489270386266
151	0.7339055793991416
152	0.7124463519313304
153	0.7349785407725322
154	0.7199570815450643
155	0.7156652360515021
156	0.723175965665236
157	0.7371244635193133
158	0.7328326180257511
159	0.7199570815450643
160	0.75
161	0.7339055793991416
162	0.7221030042918455
163	0.7285407725321889
164	0.7263948497854077
165	0.7360515021459227
166	0.7381974248927039
167	0.7457081545064378
168	0.7457081545064378
169	0.75
170	0.7607296137339056
171	0.7467811158798283
172	0.7725321888412017
173	0.7575107296137339
174	0.7746781115879828
175	0.7907725321888412
176	0.7811158798283262
177	0.7939914163090128
178	0.7918454935622318
179	0.7982832618025751
180	0.7972103004291845
181	0.8015021459227468
182	0.7972103004291845
183	0.8154506437768241
184	0.8143776824034334
185	0.8100858369098712
186	0.8015021459227468
187	0.8100858369098712
188	0.8197424892703863
189	0.8315450643776824
190	0.8465665236051502
191	0.8315450643776824
192	0.8444206008583691
193	0.8551502145922747
194	0.8648068669527897
195	0.8572961373390557
196	0.8465665236051502
197	0.8562231759656652
198	0.8648068669527897
199	0.8530042918454935
200	0.871244635193133
201	0.8819742489270386
202	0.8723175965665236
203	0.8798283261802575
204	0.8830472103004292
205	0.8916309012875536
206	0.8991416309012875
207	0.8862660944206009
208	0.8851931330472103
209	0.8991416309012875
210	0.8948497854077253
211	0.8937768240343348
212	0.8851931330472103
213	0.880901287553648
214	0.907725321888412
215	0.9087982832618026
216	0.8969957081545065
217	0.9141630901287554
218	0.9087982832618026
219	0.9206008583690987
220	0.9109442060085837
221	0.9066523605150214
222	0.927038626609442
223	0.9324034334763949
224	0.9238197424892703
225	0.9291845493562232
226	0.9195278969957081
227	0.9227467811158798
228	0.9281115879828327
229	0.9291845493562232
230	0.9216738197424893
231	0.9366952789699571
232	0.9302575107296137
233	0.9291845493562232
234	0.9388412017167382
235	0.9291845493562232
236	0.9238197424892703
237	0.924892703862661
238	0.9302575107296137
239	0.944206008583691
240	0.9302575107296137
241	0.9356223175965666
242	0.9484978540772532
243	0.9452789699570815
244	0.9527896995708155
245	0.953862660944206
246	0.944206008583691
247	0.9463519313304721
248	0.9399141630901288
249	0.9474248927038627
250	0.9463519313304721
251	0.9313304721030042
252	0.9409871244635193
253	0.9506437768240343
254	0.9377682403433476
255	0.9506437768240343
256	0.9495708154506438
257	0.9517167381974249
258	0.9549356223175965
259	0.9506437768240343
260	0.9463519313304721
261	0.953862660944206
262	0.9517167381974249
263	0.944206008583691
264	0.9463519313304721
265	0.9495708154506438
266	0.9463519313304721
267	0.9592274678111588
268	0.9581545064377682
269	0.9527896995708155
270	0.9613733905579399
271	0.971030042918455
272	0.9645922746781116
273	0.9495708154506438
274	0.9688841201716738
275	0.9527896995708155
276	0.9431330472103004
277	0.9570815450643777
278	0.9667381974248928
279	0.9645922746781116
280	0.9624463519313304
281	0.953862660944206
282	0.9570815450643777
283	0.9667381974248928
284	0.9624463519313304
285	0.9667381974248928
286	0.9613733905579399
287	0.9624463519313304
288	0.953862660944206
289	0.9699570815450643
290	0.9570815450643777
291	0.971030042918455
292	0.9656652360515021
293	0.9656652360515021
294	0.9581545064377682
295	0.9613733905579399
296	0.9635193133047211
297	0.9635193133047211
298	0.9624463519313304
299	0.9592274678111588
300	0.9570815450643777
301	0.971030042918455
302	0.9613733905579399
303	0.9667381974248928
304	0.9699570815450643
305	0.9721030042918455
306	0.9699570815450643
307	0.9560085836909872
308	0.9581545064377682
309	0.9624463519313304
310	0.9678111587982833
311	0.9667381974248928
312	0.9613733905579399
313	0.9603004291845494
314	0.9678111587982833
315	0.9678111587982833
316	0.9635193133047211
317	0.9678111587982833
318	0.9678111587982833
319	0.9688841201716738
320	0.9560085836909872
321	0.9656652360515021
322	0.9688841201716738
323	0.9645922746781116
324	0.9721030042918455
325	0.973175965665236
326	0.9624463519313304
327	0.9603004291845494
328	0.9613733905579399
329	0.9721030042918455
330	0.971030042918455
331	0.973175965665236
332	0.9753218884120172
333	0.9763948497854077
334	0.9592274678111588
335	0.9549356223175965
336	0.9699570815450643
337	0.971030042918455
338	0.9678111587982833
339	0.9678111587982833
340	0.973175965665236
341	0.9699570815450643
342	0.971030042918455
343	0.971030042918455
344	0.9581545064377682
345	0.9624463519313304
346	0.9645922746781116
347	0.9796137339055794
348	0.9678111587982833
349	0.971030042918455
350	0.9656652360515021
351	0.9645922746781116
352	0.9688841201716738
353	0.9645922746781116
354	0.9624463519313304
355	0.973175965665236
356	0.9688841201716738
357	0.9581545064377682
358	0.9603004291845494
359	0.953862660944206
360	0.9656652360515021
361	0.9699570815450643
362	0.98068669527897
363	0.9796137339055794
364	0.9645922746781116
365	0.9667381974248928
366	0.9688841201716738
367	0.9678111587982833
368	0.9774678111587983
369	0.9742489270386266
370	0.9613733905579399
371	0.9753218884120172
372	0.9667381974248928
373	0.9656652360515021
374	0.9656652360515021
375	0.9592274678111588
376	0.9635193133047211
377	0.9678111587982833
378	0.971030042918455
379	0.973175965665236
380	0.9581545064377682
381	0.9495708154506438
382	0.9495708154506438
383	0.9549356223175965
384	0.9624463519313304
385	0.9667381974248928
386	0.9581545064377682
387	0.9688841201716738
388	0.9560085836909872
389	0.9624463519313304
390	0.9635193133047211
391	0.971030042918455
392	0.9785407725321889
393	0.9678111587982833
394	0.9645922746781116
395	0.9742489270386266
396	0.9570815450643777
397	0.9667381974248928
398	0.9688841201716738
399	0.971030042918455
400	0.9635193133047211
401	0.9624463519313304
402	0.9774678111587983
403	0.9592274678111588
404	0.9721030042918455
405	0.9656652360515021
406	0.973175965665236
407	0.9796137339055794
408	0.971030042918455
409	0.973175965665236
410	0.9688841201716738
411	0.9613733905579399
412	0.9742489270386266
413	0.9667381974248928
414	0.9688841201716738
415	0.971030042918455
416	0.9613733905579399
417	0.9678111587982833
418	0.9667381974248928
419	0.9688841201716738
420	0.9581545064377682
421	0.9581545064377682
422	0.9645922746781116
423	0.9603004291845494
424	0.9699570815450643
425	0.9688841201716738
426	0.9581545064377682
427	0.9699570815450643
428	0.9645922746781116
429	0.9678111587982833
430	0.9667381974248928
431	0.9603004291845494
432	0.9592274678111588
433	0.9721030042918455
434	0.9667381974248928
435	0.9613733905579399
436	0.973175965665236
437	0.973175965665236
438	0.9699570815450643
439	0.9667381974248928
440	0.9645922746781116
441	0.9592274678111588
442	0.973175965665236
443	0.9592274678111588
444	0.9667381974248928
445	0.9678111587982833
446	0.9581545064377682
447	0.9699570815450643
448	0.9635193133047211
449	0.9678111587982833
450	0.9603004291845494
451	0.9667381974248928
452	0.9688841201716738
453	0.9742489270386266
454	0.9721030042918455
455	0.9656652360515021
456	0.9656652360515021
457	0.9667381974248928
458	0.9688841201716738
459	0.9603004291845494
460	0.9656652360515021
461	0.9656652360515021
462	0.9688841201716738
463	0.9656652360515021
464	0.9678111587982833
465	0.9645922746781116
466	0.9699570815450643
467	0.9635193133047211
468	0.9721030042918455
469	0.98068669527897
470	0.9688841201716738
471	0.9667381974248928
472	0.9678111587982833
473	0.9645922746781116
474	0.9753218884120172
475	0.9635193133047211
476	0.9763948497854077
477	0.9635193133047211
478	0.9753218884120172
479	0.9688841201716738
480	0.971030042918455
481	0.971030042918455
482	0.973175965665236
483	0.9624463519313304
484	0.9645922746781116
485	0.9592274678111588
486	0.9635193133047211
487	0.9613733905579399
488	0.9742489270386266
489	0.9785407725321889
490	0.9699570815450643
491	0.9785407725321889
492	0.9656652360515021
493	0.9678111587982833
494	0.9721030042918455
495	0.9678111587982833
496	0.9688841201716738
497	0.9645922746781116
498	0.9667381974248928
499	0.9742489270386266
500	0.9742489270386266
501	0.9688841201716738
502	0.9667381974248928
503	0.9592274678111588
504	0.9645922746781116
505	0.9645922746781116
506	0.9635193133047211
507	0.9742489270386266
508	0.9796137339055794
509	0.9645922746781116
510	0.9796137339055794
511	0.9721030042918455
512	0.9603004291845494
513	0.9603004291845494
514	0.9688841201716738
515	0.9635193133047211
516	0.9656652360515021
517	0.9688841201716738
518	0.9699570815450643
519	0.9560085836909872
520	0.9796137339055794
521	0.9656652360515021
522	0.9624463519313304
523	0.9506437768240343
524	0.9613733905579399
525	0.9774678111587983
526	0.9721030042918455
527	0.9517167381974249
528	0.9753218884120172
529	0.9603004291845494
530	0.9613733905579399
531	0.9635193133047211
532	0.9624463519313304
533	0.9656652360515021
534	0.9688841201716738
535	0.9613733905579399
536	0.9656652360515021
537	0.9721030042918455
538	0.9667381974248928
539	0.9452789699570815
540	0.9613733905579399
541	0.9624463519313304
542	0.9774678111587983
543	0.9656652360515021
544	0.9667381974248928
545	0.9721030042918455
546	0.9581545064377682
547	0.9699570815450643
548	0.971030042918455
549	0.971030042918455
550	0.9656652360515021
551	0.9699570815450643
552	0.9721030042918455
553	0.9763948497854077
554	0.9656652360515021
555	0.9645922746781116
556	0.971030042918455
557	0.9699570815450643
558	0.9645922746781116
559	0.9581545064377682
560	0.9656652360515021
561	0.971030042918455
562	0.9796137339055794
563	0.9721030042918455
564	0.9678111587982833
565	0.9742489270386266
566	0.9645922746781116
567	0.9774678111587983
568	0.9645922746781116
569	0.9635193133047211
570	0.9699570815450643
571	0.971030042918455
572	0.971030042918455
573	0.9785407725321889
574	0.9667381974248928
575	0.9635193133047211
576	0.9613733905579399
577	0.9656652360515021
578	0.9645922746781116
579	0.9645922746781116
580	0.9742489270386266
581	0.9688841201716738
582	0.9656652360515021
583	0.971030042918455
584	0.9763948497854077
585	0.9613733905579399
586	0.9517167381974249
587	0.9645922746781116
588	0.9645922746781116
589	0.9645922746781116
590	0.9656652360515021
591	0.9613733905579399
592	0.9688841201716738
593	0.9613733905579399
594	0.9721030042918455
595	0.9678111587982833
596	0.9570815450643777
597	0.9763948497854077
598	0.9603004291845494
599	0.9613733905579399
600	0.9645922746781116
601	0.9763948497854077
602	0.9624463519313304
603	0.9581545064377682
604	0.9688841201716738
605	0.9763948497854077
606	0.9581545064377682
607	0.9721030042918455
608	0.9603004291845494
609	0.9624463519313304
610	0.9613733905579399
611	0.9656652360515021
612	0.9624463519313304
613	0.9624463519313304
614	0.9742489270386266
615	0.973175965665236
616	0.9581545064377682
617	0.9613733905579399
618	0.9592274678111588
619	0.9849785407725322
620	0.973175965665236
621	0.9763948497854077
622	0.973175965665236
623	0.973175965665236
624	0.9581545064377682
625	0.9592274678111588
626	0.9656652360515021
627	0.98068669527897
628	0.9763948497854077
629	0.9581545064377682
630	0.9699570815450643
631	0.9753218884120172
632	0.9688841201716738
633	0.9645922746781116
634	0.9645922746781116
635	0.9560085836909872
636	0.9721030042918455
637	0.9763948497854077
638	0.9667381974248928
639	0.9721030042918455
640	0.9699570815450643
641	0.971030042918455
642	0.9656652360515021
643	0.9721030042918455
644	0.9763948497854077
645	0.9785407725321889
646	0.9667381974248928
647	0.9699570815450643
648	0.9613733905579399
649	0.9635193133047211
650	0.9688841201716738
651	0.973175965665236
652	0.9678111587982833
653	0.9635193133047211
654	0.9635193133047211
655	0.9624463519313304
656	0.9699570815450643
657	0.9688841201716738
658	0.9742489270386266
659	0.9635193133047211
660	0.9678111587982833
661	0.9688841201716738
662	0.9656652360515021
663	0.9570815450643777
664	0.9796137339055794
665	0.9828326180257511
666	0.9656652360515021
667	0.9624463519313304
668	0.9635193133047211
669	0.971030042918455
670	0.9667381974248928
671	0.9688841201716738
672	0.971030042918455
673	0.971030042918455
674	0.9667381974248928
675	0.9624463519313304
676	0.9742489270386266
677	0.971030042918455
678	0.973175965665236
679	0.9613733905579399
680	0.9721030042918455
681	0.9527896995708155
682	0.9721030042918455
683	0.9592274678111588
684	0.9645922746781116
685	0.9624463519313304
686	0.9742489270386266
687	0.9699570815450643
688	0.9721030042918455
689	0.9527896995708155
690	0.9603004291845494
691	0.9678111587982833
692	0.9667381974248928
693	0.9645922746781116
694	0.9645922746781116
695	0.9603004291845494
696	0.9667381974248928
697	0.9667381974248928
698	0.9560085836909872
699	0.98068669527897
700	0.9635193133047211
701	0.9603004291845494
702	0.9581545064377682
703	0.9742489270386266
704	0.9721030042918455
705	0.9613733905579399
706	0.9667381974248928
707	0.9645922746781116
708	0.9678111587982833
709	0.9742489270386266
710	0.9688841201716738
711	0.9667381974248928
712	0.9742489270386266
713	0.9624463519313304
714	0.9613733905579399
715	0.973175965665236
716	0.973175965665236
717	0.9688841201716738
718	0.971030042918455
719	0.9656652360515021
720	0.9592274678111588
721	0.9667381974248928
722	0.971030042918455
723	0.9667381974248928
724	0.9742489270386266
725	0.971030042918455
726	0.9613733905579399
727	0.9742489270386266
728	0.971030042918455
729	0.9699570815450643
730	0.9678111587982833
731	0.9645922746781116
732	0.9721030042918455
733	0.973175965665236
734	0.9742489270386266
735	0.9613733905579399
736	0.9688841201716738
737	0.9699570815450643
738	0.9613733905579399
739	0.9613733905579399
740	0.9667381974248928
741	0.9603004291845494
742	0.9699570815450643
743	0.98068669527897
744	0.971030042918455
745	0.9560085836909872
746	0.973175965665236
747	0.9570815450643777
748	0.9688841201716738
749	0.9656652360515021
750	0.9656652360515021
751	0.971030042918455
752	0.9635193133047211
753	0.9774678111587983
754	0.9688841201716738
755	0.9763948497854077
756	0.9688841201716738
757	0.9699570815450643
758	0.9667381974248928
759	0.9570815450643777
760	0.9667381974248928
761	0.9721030042918455
762	0.973175965665236
763	0.9763948497854077
764	0.9645922746781116
765	0.9688841201716738
766	0.9678111587982833
767	0.9645922746781116
768	0.9763948497854077
769	0.9742489270386266
770	0.9645922746781116
771	0.973175965665236
772	0.9581545064377682
773	0.9678111587982833
774	0.9645922746781116
775	0.971030042918455
776	0.9699570815450643
777	0.9570815450643777
778	0.9656652360515021
779	0.9667381974248928
780	0.9667381974248928
781	0.9699570815450643
782	0.9592274678111588
783	0.9613733905579399
784	0.971030042918455
785	0.973175965665236
786	0.9624463519313304
787	0.9645922746781116
788	0.9721030042918455
789	0.9592274678111588
790	0.9592274678111588
791	0.9656652360515021
792	0.9667381974248928
793	0.9656652360515021
794	0.9678111587982833
795	0.973175965665236
796	0.9742489270386266
797	0.9699570815450643
798	0.971030042918455
799	0.9742489270386266
800	0.973175965665236
801	0.9699570815450643
802	0.9699570815450643
803	0.9613733905579399
804	0.973175965665236
805	0.9678111587982833
806	0.9613733905579399
807	0.973175965665236
808	0.9817596566523605
809	0.9721030042918455
810	0.9753218884120172
811	0.9742489270386266
812	0.9699570815450643
813	0.9742489270386266
814	0.9635193133047211
815	0.9699570815450643
816	0.9635193133047211
817	0.9570815450643777
818	0.9688841201716738
819	0.971030042918455
820	0.9656652360515021
821	0.9742489270386266
822	0.9763948497854077
823	0.9645922746781116
824	0.9688841201716738
825	0.9645922746781116
826	0.971030042918455
827	0.9581545064377682
828	0.9688841201716738
829	0.973175965665236
830	0.9667381974248928
831	0.9721030042918455
832	0.971030042918455
833	0.9667381974248928
834	0.9688841201716738
835	0.9667381974248928
836	0.9667381974248928
837	0.9721030042918455
838	0.9645922746781116
839	0.9656652360515021
840	0.9774678111587983
841	0.9688841201716738
842	0.9613733905579399
843	0.9570815450643777
844	0.9656652360515021
845	0.9688841201716738
846	0.9688841201716738
847	0.9624463519313304
848	0.9688841201716738
849	0.973175965665236
850	0.9645922746781116
851	0.9613733905579399
852	0.9721030042918455
853	0.9549356223175965
854	0.9678111587982833
855	0.9678111587982833
856	0.9774678111587983
857	0.9688841201716738
858	0.9581545064377682
859	0.9699570815450643
860	0.9603004291845494
861	0.9828326180257511
862	0.9645922746781116
863	0.9656652360515021
864	0.9635193133047211
865	0.9721030042918455
866	0.9667381974248928
867	0.9667381974248928
868	0.9699570815450643
869	0.9667381974248928
870	0.9613733905579399
871	0.9645922746781116
872	0.9570815450643777
873	0.9656652360515021
874	0.973175965665236
875	0.9624463519313304
876	0.9763948497854077
877	0.971030042918455
878	0.9624463519313304
879	0.9656652360515021
880	0.973175965665236
881	0.9656652360515021
882	0.9763948497854077
883	0.971030042918455
884	0.9635193133047211
885	0.9581545064377682
886	0.9667381974248928
887	0.9667381974248928
888	0.9592274678111588
889	0.971030042918455
890	0.9592274678111588
891	0.9688841201716738
892	0.9667381974248928
893	0.9570815450643777
894	0.973175965665236
895	0.973175965665236
896	0.9613733905579399
897	0.973175965665236
898	0.9624463519313304
899	0.9667381974248928
900	0.9688841201716738
901	0.9570815450643777
902	0.9624463519313304
903	0.9581545064377682
904	0.9667381974248928
905	0.9527896995708155
906	0.9645922746781116
907	0.9678111587982833
908	0.9667381974248928
909	0.9560085836909872
910	0.9678111587982833
911	0.9753218884120172
912	0.9645922746781116
913	0.9774678111587983
914	0.9678111587982833
915	0.9688841201716738
916	0.9635193133047211
917	0.9613733905579399
918	0.9645922746781116
919	0.971030042918455
920	0.9667381974248928
921	0.971030042918455
922	0.98068669527897
923	0.9699570815450643
924	0.9742489270386266
925	0.9656652360515021
926	0.9635193133047211
927	0.9656652360515021
928	0.9613733905579399
929	0.9785407725321889
930	0.9667381974248928
931	0.9678111587982833
932	0.9688841201716738
933	0.9721030042918455
934	0.9678111587982833
935	0.9613733905579399
936	0.971030042918455
937	0.9699570815450643
938	0.971030042918455
939	0.9645922746781116
940	0.9753218884120172
941	0.9635193133047211
942	0.9688841201716738
943	0.9753218884120172
944	0.9774678111587983
945	0.9656652360515021
946	0.9742489270386266
947	0.971030042918455
948	0.9742489270386266
949	0.9656652360515021
950	0.9763948497854077
951	0.9774678111587983
952	0.9721030042918455
953	0.9742489270386266
954	0.9645922746781116
955	0.9688841201716738
956	0.9570815450643777
957	0.973175965665236
958	0.9635193133047211
959	0.9635193133047211
960	0.973175965665236
961	0.971030042918455
962	0.9678111587982833
963	0.9656652360515021
964	0.9656652360515021
965	0.9527896995708155
966	0.9656652360515021
967	0.9667381974248928
968	0.9678111587982833
969	0.971030042918455
970	0.9667381974248928
971	0.9656652360515021
972	0.9635193133047211
973	0.973175965665236
974	0.9678111587982833
975	0.9667381974248928
976	0.9613733905579399
977	0.9667381974248928
978	0.9645922746781116
979	0.9774678111587983
980	0.9603004291845494
981	0.9678111587982833
982	0.9688841201716738
983	0.9624463519313304
984	0.9699570815450643
985	0.9688841201716738
986	0.9667381974248928
987	0.971030042918455
988	0.9699570815450643
989	0.973175965665236
990	0.9721030042918455
991	0.971030042918455
992	0.9667381974248928
993	0.9688841201716738
994	0.9613733905579399
995	0.9678111587982833
996	0.9549356223175965
997	0.9796137339055794
998	0.9678111587982833
999	0.9645922746781116
1000	0.9635193133047211
