1	0.3015075376884422
2	0.37814070351758794
3	0.4371859296482412
4	0.49748743718592964
5	0.5402010050251256
6	0.6080402010050251
7	0.657035175879397
8	0.6871859296482412
9	0.7261306532663316
10	0.7587939698492462
11	0.7814070351758794
12	0.7964824120603015
13	0.8316582914572864
14	0.8680904522613065
15	0.8932160804020101
16	0.8957286432160804
17	0.907035175879397
18	0.9020100502512562
19	0.9183417085427136
20	0.9334170854271356
21	0.9384422110552764
22	0.9472361809045227
23	0.9535175879396985
24	0.964824120603015
25	0.9723618090452262
26	0.9798994974874372
27	0.9736180904522613
28	0.9811557788944724
29	0.9861809045226131
30	0.9836683417085427
31	0.9899497487437185
32	0.9861809045226131
33	0.9874371859296482
34	0.9861809045226131
35	0.9836683417085427
36	0.992462311557789
37	0.9949748743718593
38	0.992462311557789
39	0.9937185929648241
40	0.9937185929648241
41	0.9912060301507538
42	0.9987437185929648
43	0.9962311557788944
44	0.9886934673366834
45	0.9912060301507538
46	0.9899497487437185
47	0.9962311557788944
48	0.9949748743718593
49	0.9949748743718593
50	0.9912060301507538
51	0.9899497487437185
52	0.9949748743718593
53	0.9899497487437185
54	0.9937185929648241
55	0.9849246231155779
56	0.9937185929648241
57	0.9912060301507538
58	0.9949748743718593
59	0.992462311557789
60	0.9937185929648241
61	0.9962311557788944
62	0.9937185929648241
63	0.9937185929648241
64	0.992462311557789
65	0.992462311557789
66	0.9974874371859297
67	0.9962311557788944
68	0.9937185929648241
69	0.9937185929648241
70	1.0
71	0.9949748743718593
72	0.9912060301507538
73	0.9912060301507538
74	0.992462311557789
75	0.992462311557789
76	0.9949748743718593
77	0.9937185929648241
78	0.9974874371859297
79	0.9962311557788944
80	0.9949748743718593
81	0.992462311557789
82	0.9886934673366834
83	0.992462311557789
84	0.9899497487437185
85	0.9937185929648241
86	0.992462311557789
87	0.9899497487437185
88	0.992462311557789
89	0.9962311557788944
90	0.9987437185929648
91	0.9987437185929648
92	0.9949748743718593
93	0.9937185929648241
94	0.9861809045226131
95	0.992462311557789
96	0.9849246231155779
97	0.9899497487437185
98	0.9874371859296482
99	0.9962311557788944
100	0.9937185929648241
101	0.9949748743718593
102	0.992462311557789
103	0.9974874371859297
104	0.9974874371859297
105	0.9962311557788944
106	0.9912060301507538
107	0.9824120603015075
108	0.9912060301507538
109	0.9849246231155779
110	0.9899497487437185
111	0.9962311557788944
112	0.9974874371859297
113	0.992462311557789
114	0.9912060301507538
115	0.9899497487437185
116	0.9949748743718593
117	0.9937185929648241
118	0.9962311557788944
119	0.992462311557789
120	0.9912060301507538
121	0.992462311557789
122	0.9886934673366834
123	0.9874371859296482
124	0.992462311557789
125	0.9912060301507538
126	0.9949748743718593
127	0.9861809045226131
128	0.9849246231155779
129	0.9824120603015075
130	0.992462311557789
131	0.9861809045226131
132	0.9874371859296482
133	0.9912060301507538
134	0.9962311557788944
135	0.9937185929648241
136	0.9962311557788944
137	0.9974874371859297
138	0.9974874371859297
139	1.0
140	0.9962311557788944
141	0.9974874371859297
142	0.9899497487437185
143	0.9912060301507538
144	0.9874371859296482
145	0.9949748743718593
146	0.9962311557788944
147	0.9949748743718593
148	0.9937185929648241
149	0.9937185929648241
150	0.9912060301507538
151	0.9899497487437185
152	0.992462311557789
153	0.9937185929648241
154	0.9949748743718593
155	0.9937185929648241
156	0.9949748743718593
157	0.9987437185929648
158	0.9949748743718593
159	0.9987437185929648
160	0.9937185929648241
161	0.9962311557788944
162	0.9874371859296482
163	0.9987437185929648
164	0.9886934673366834
165	0.9937185929648241
166	0.9912060301507538
167	0.992462311557789
168	0.9937185929648241
169	0.9962311557788944
170	0.9912060301507538
171	0.992462311557789
172	0.9899497487437185
173	0.9899497487437185
174	0.992462311557789
175	0.992462311557789
176	0.9974874371859297
177	0.9962311557788944
178	0.9962311557788944
179	0.9962311557788944
180	0.9949748743718593
181	0.9949748743718593
182	0.9912060301507538
183	0.9899497487437185
184	0.992462311557789
185	0.992462311557789
186	0.9886934673366834
187	0.9874371859296482
188	0.9912060301507538
189	0.992462311557789
190	0.9937185929648241
191	0.9974874371859297
192	0.9962311557788944
193	0.9962311557788944
194	0.9912060301507538
195	0.9912060301507538
196	0.992462311557789
197	0.992462311557789
198	0.9949748743718593
199	0.9949748743718593
200	0.9949748743718593
201	0.9937185929648241
202	0.9987437185929648
203	0.9886934673366834
204	0.9937185929648241
205	0.9937185929648241
206	0.9937185929648241
207	0.9962311557788944
208	0.9912060301507538
209	0.992462311557789
210	0.9912060301507538
211	0.9899497487437185
212	0.9937185929648241
213	0.9912060301507538
214	0.9899497487437185
215	0.9962311557788944
216	0.9912060301507538
217	0.9937185929648241
218	0.9949748743718593
219	0.9974874371859297
220	0.9949748743718593
221	0.9949748743718593
222	0.9987437185929648
223	0.9949748743718593
224	0.9874371859296482
225	0.9949748743718593
226	0.9974874371859297
227	0.9949748743718593
228	0.9949748743718593
229	0.9949748743718593
230	0.9962311557788944
231	0.9974874371859297
232	0.9987437185929648
233	0.9962311557788944
234	0.9962311557788944
235	0.9974874371859297
236	0.9937185929648241
237	0.9937185929648241
238	0.9899497487437185
239	0.9899497487437185
240	0.9949748743718593
241	0.9937185929648241
242	0.992462311557789
243	0.9937185929648241
244	0.9949748743718593
245	0.9974874371859297
246	0.9974874371859297
247	0.9886934673366834
248	0.9899497487437185
249	0.9899497487437185
250	0.9912060301507538
251	0.9937185929648241
252	0.9899497487437185
253	0.9937185929648241
254	0.9962311557788944
255	0.992462311557789
256	0.992462311557789
257	0.992462311557789
258	0.9937185929648241
259	0.992462311557789
260	0.9962311557788944
261	0.9974874371859297
262	0.9974874371859297
263	0.9974874371859297
264	0.9962311557788944
265	0.9962311557788944
266	0.9974874371859297
267	0.9949748743718593
268	0.9899497487437185
269	0.9949748743718593
270	0.9886934673366834
271	0.9899497487437185
272	0.9962311557788944
273	0.9874371859296482
274	0.9937185929648241
275	0.9949748743718593
276	0.9949748743718593
277	0.9987437185929648
278	0.9962311557788944
279	1.0
280	0.9974874371859297
281	0.9962311557788944
282	0.9949748743718593
283	0.9949748743718593
284	0.9937185929648241
285	0.9937185929648241
286	0.9974874371859297
287	0.9949748743718593
288	0.9949748743718593
289	0.9912060301507538
290	0.992462311557789
291	0.9874371859296482
292	0.9886934673366834
293	0.9886934673366834
294	0.9899497487437185
295	0.9937185929648241
296	0.9962311557788944
297	0.9886934673366834
298	0.992462311557789
299	0.9874371859296482
300	0.9886934673366834
301	0.9874371859296482
302	0.9874371859296482
303	0.9937185929648241
304	0.992462311557789
305	0.9886934673366834
306	0.9899497487437185
307	0.9886934673366834
308	0.9912060301507538
309	0.9937185929648241
310	0.9937185929648241
311	0.9962311557788944
312	0.9974874371859297
313	0.9937185929648241
314	0.9886934673366834
315	0.9937185929648241
316	0.9974874371859297
317	0.9974874371859297
318	0.9949748743718593
319	0.9962311557788944
320	0.992462311557789
321	0.9937185929648241
322	0.9962311557788944
323	0.9949748743718593
324	0.992462311557789
325	0.9912060301507538
326	0.9912060301507538
327	0.9937185929648241
328	0.9962311557788944
329	0.9937185929648241
330	0.9974874371859297
331	0.9937185929648241
332	0.9937185929648241
333	0.9949748743718593
334	0.9912060301507538
335	0.9912060301507538
336	0.992462311557789
337	0.9899497487437185
338	0.9974874371859297
339	1.0
340	0.9974874371859297
341	0.9987437185929648
342	0.9937185929648241
343	0.9861809045226131
344	0.9937185929648241
345	0.9962311557788944
346	0.9974874371859297
347	0.9899497487437185
348	0.9899497487437185
349	0.992462311557789
350	0.9962311557788944
351	0.9974874371859297
352	0.9912060301507538
353	0.9912060301507538
354	0.9861809045226131
355	0.9899497487437185
356	0.9912060301507538
357	0.9874371859296482
358	0.9874371859296482
359	0.9899497487437185
360	0.9912060301507538
361	0.9886934673366834
362	0.9962311557788944
363	0.9949748743718593
364	0.992462311557789
365	0.9937185929648241
366	0.9849246231155779
367	0.9886934673366834
368	0.9912060301507538
369	0.9949748743718593
370	0.9987437185929648
371	0.9949748743718593
372	0.9962311557788944
373	0.9886934673366834
374	0.9987437185929648
375	0.9962311557788944
376	0.9974874371859297
377	0.9962311557788944
378	0.9987437185929648
379	0.992462311557789
380	0.9912060301507538
381	0.9912060301507538
382	0.9912060301507538
383	0.992462311557789
384	0.9937185929648241
385	0.9949748743718593
386	0.992462311557789
387	0.9886934673366834
388	0.992462311557789
389	0.9962311557788944
390	0.992462311557789
391	0.9962311557788944
392	0.992462311557789
393	0.9899497487437185
394	0.992462311557789
395	0.9974874371859297
396	0.9949748743718593
397	0.9899497487437185
398	0.9912060301507538
399	0.992462311557789
400	0.9912060301507538
401	0.9874371859296482
402	0.992462311557789
403	0.9886934673366834
404	0.9974874371859297
405	1.0
406	0.9937185929648241
407	0.992462311557789
408	0.9912060301507538
409	0.992462311557789
410	0.9937185929648241
411	0.992462311557789
412	0.9824120603015075
413	0.992462311557789
414	0.9949748743718593
415	0.9899497487437185
416	0.9974874371859297
417	0.9949748743718593
418	0.9912060301507538
419	0.9899497487437185
420	0.992462311557789
421	0.9987437185929648
422	0.9912060301507538
423	0.9899497487437185
424	0.9937185929648241
425	0.992462311557789
426	0.9962311557788944
427	0.9962311557788944
428	0.9899497487437185
429	0.9937185929648241
430	0.9937185929648241
431	0.9937185929648241
432	0.9937185929648241
433	0.9974874371859297
434	0.9949748743718593
435	0.9899497487437185
436	0.9949748743718593
437	0.992462311557789
438	0.9937185929648241
439	0.9886934673366834
440	0.992462311557789
441	0.9949748743718593
442	0.9962311557788944
443	0.9899497487437185
444	0.9949748743718593
445	0.992462311557789
446	0.9937185929648241
447	0.9899497487437185
448	0.992462311557789
449	0.9974874371859297
450	0.9962311557788944
451	0.9912060301507538
452	0.9962311557788944
453	0.9974874371859297
454	0.9949748743718593
455	0.9937185929648241
456	0.9912060301507538
457	0.992462311557789
458	0.9987437185929648
459	0.9886934673366834
460	0.9886934673366834
461	0.9949748743718593
462	0.9962311557788944
463	0.9949748743718593
464	0.9949748743718593
465	0.9937185929648241
466	0.9974874371859297
467	0.992462311557789
468	0.9937185929648241
469	0.9974874371859297
470	0.992462311557789
471	0.9886934673366834
472	0.9899497487437185
473	0.9912060301507538
474	0.992462311557789
475	0.992462311557789
476	0.992462311557789
477	0.9899497487437185
478	0.9874371859296482
479	0.9949748743718593
480	0.9937185929648241
481	0.9962311557788944
482	0.9974874371859297
483	0.9937185929648241
484	0.9962311557788944
485	0.9974874371859297
486	0.9949748743718593
487	0.992462311557789
488	0.9962311557788944
489	0.9937185929648241
490	0.992462311557789
491	0.9937185929648241
492	0.992462311557789
493	0.992462311557789
494	0.9974874371859297
495	0.9937185929648241
496	0.9949748743718593
497	0.9912060301507538
498	0.9949748743718593
499	0.9962311557788944
500	0.9937185929648241
