1	0.14214876033057852
2	0.11074380165289256
3	0.0859504132231405
4	0.19669421487603306
5	0.21818181818181817
6	0.23801652892561984
7	0.24793388429752067
8	0.315702479338843
9	0.32231404958677684
10	0.3537190082644628
11	0.371900826446281
12	0.38181818181818183
13	0.41652892561983473
14	0.45950413223140496
15	0.4743801652892562
16	0.5008264462809917
17	0.540495867768595
18	0.5206611570247934
19	0.540495867768595
20	0.5520661157024793
21	0.5669421487603306
22	0.5900826446280992
23	0.6132231404958678
24	0.6247933884297521
25	0.6396694214876033
26	0.6181818181818182
27	0.656198347107438
28	0.687603305785124
29	0.6958677685950413
30	0.687603305785124
31	0.6776859504132231
32	0.7008264462809918
33	0.7256198347107438
34	0.7272727272727273
35	0.7107438016528925
36	0.7305785123966942
37	0.7371900826446282
38	0.7586776859504132
39	0.7851239669421488
40	0.8033057851239669
41	0.8033057851239669
42	0.8264462809917356
43	0.8033057851239669
44	0.8231404958677686
45	0.8049586776859504
46	0.8148760330578513
47	0.7652892561983471
48	0.7933884297520661
49	0.8115702479338843
50	0.828099173553719
51	0.8297520661157025
52	0.824793388429752
53	0.8198347107438017
54	0.8462809917355372
55	0.8165289256198347
56	0.8363636363636363
57	0.8545454545454545
58	0.8628099173553719
59	0.8776859504132232
60	0.8743801652892562
61	0.8892561983471075
62	0.8942148760330578
63	0.8975206611570248
64	0.8694214876033057
65	0.8793388429752066
66	0.8958677685950414
67	0.8942148760330578
68	0.9090909090909091
69	0.9090909090909091
70	0.9140495867768595
71	0.9041322314049587
72	0.9239669421487603
73	0.8958677685950414
74	0.9206611570247933
75	0.9272727272727272
76	0.9272727272727272
77	0.9140495867768595
78	0.915702479338843
79	0.9421487603305785
80	0.9388429752066115
81	0.9305785123966942
82	0.9388429752066115
83	0.9223140495867769
84	0.9305785123966942
85	0.9404958677685951
86	0.9256198347107438
87	0.9537190082644628
88	0.9239669421487603
89	0.9404958677685951
90	0.9388429752066115
91	0.9454545454545454
92	0.9520661157024793
93	0.943801652892562
94	0.9537190082644628
95	0.9520661157024793
96	0.9520661157024793
97	0.9520661157024793
98	0.9636363636363636
99	0.9553719008264463
100	0.9735537190082645
101	0.9702479338842975
102	0.9586776859504132
103	0.9669421487603306
104	0.9636363636363636
105	0.968595041322314
106	0.9603305785123967
107	0.9752066115702479
108	0.9652892561983472
109	0.9586776859504132
110	0.9636363636363636
111	0.9636363636363636
112	0.9900826446280991
113	0.9785123966942149
114	0.9818181818181818
115	0.9785123966942149
116	0.9752066115702479
117	0.971900826446281
118	0.9818181818181818
119	0.9801652892561984
120	0.9752066115702479
121	0.9768595041322314
122	0.9834710743801653
123	0.9801652892561984
124	0.9785123966942149
125	0.9851239669421488
126	0.9801652892561984
127	0.9867768595041322
128	0.9801652892561984
129	0.9867768595041322
130	0.9818181818181818
131	0.9768595041322314
132	0.9834710743801653
133	0.9801652892561984
134	0.9818181818181818
135	0.9768595041322314
136	0.9917355371900827
137	0.9917355371900827
138	0.996694214876033
139	0.9900826446280991
140	0.996694214876033
141	0.9933884297520661
142	0.9884297520661157
143	0.9900826446280991
144	0.9884297520661157
145	0.9950413223140496
146	0.9933884297520661
147	0.9867768595041322
148	0.9884297520661157
149	0.9851239669421488
150	0.9917355371900827
151	0.9834710743801653
152	0.9867768595041322
153	0.996694214876033
154	0.9900826446280991
155	0.9917355371900827
156	0.9933884297520661
157	0.9917355371900827
158	0.9900826446280991
159	0.9917355371900827
160	0.9950413223140496
161	1.0
162	0.996694214876033
163	0.9950413223140496
164	0.9884297520661157
165	0.996694214876033
166	0.9950413223140496
167	0.9950413223140496
168	0.9950413223140496
169	0.9950413223140496
170	0.9983471074380166
171	0.996694214876033
172	0.9933884297520661
173	0.9983471074380166
174	0.9983471074380166
175	0.996694214876033
176	0.9900826446280991
177	1.0
178	0.996694214876033
179	0.996694214876033
180	1.0
181	0.996694214876033
182	1.0
183	0.9983471074380166
184	1.0
185	1.0
186	0.9983471074380166
187	0.996694214876033
188	0.996694214876033
189	0.9950413223140496
190	0.9983471074380166
191	0.9900826446280991
192	0.9983471074380166
193	0.996694214876033
194	1.0
195	0.996694214876033
196	0.9983471074380166
197	0.9983471074380166
198	0.9983471074380166
199	0.9950413223140496
200	0.996694214876033
201	0.9983471074380166
202	0.9983471074380166
203	1.0
204	0.9983471074380166
205	1.0
206	1.0
207	0.9983471074380166
208	1.0
209	0.9933884297520661
210	0.9900826446280991
211	0.9933884297520661
212	0.996694214876033
213	1.0
214	1.0
215	0.9933884297520661
216	0.9983471074380166
217	1.0
218	1.0
219	1.0
220	0.9983471074380166
221	0.9983471074380166
222	0.9983471074380166
223	0.996694214876033
224	0.9983471074380166
225	0.9950413223140496
226	0.9983471074380166
227	0.996694214876033
228	0.996694214876033
229	1.0
230	1.0
231	1.0
232	1.0
233	0.996694214876033
234	1.0
235	0.9983471074380166
236	1.0
237	0.9983471074380166
238	1.0
239	1.0
240	1.0
241	0.9983471074380166
242	0.9983471074380166
243	1.0
244	0.9983471074380166
245	0.9983471074380166
246	1.0
247	1.0
248	1.0
249	0.9983471074380166
250	0.9983471074380166
251	1.0
252	0.9983471074380166
253	1.0
254	0.9983471074380166
255	0.996694214876033
256	0.9983471074380166
257	0.9983471074380166
258	0.9983471074380166
259	1.0
260	0.9983471074380166
261	1.0
262	1.0
263	1.0
264	0.9983471074380166
265	1.0
266	1.0
267	1.0
268	0.996694214876033
269	0.9983471074380166
270	0.996694214876033
271	1.0
272	1.0
273	1.0
274	0.9983471074380166
275	1.0
276	0.996694214876033
277	0.996694214876033
278	0.996694214876033
279	0.9983471074380166
280	0.9983471074380166
281	1.0
282	1.0
283	0.9983471074380166
284	1.0
285	1.0
286	0.9983471074380166
287	1.0
288	0.9983471074380166
289	0.996694214876033
290	1.0
291	0.9983471074380166
292	1.0
293	0.9983471074380166
294	0.996694214876033
295	0.9983471074380166
296	0.9983471074380166
297	1.0
298	0.9950413223140496
299	0.9983471074380166
300	0.9983471074380166
301	0.9933884297520661
302	0.9950413223140496
303	1.0
304	0.9983471074380166
305	1.0
306	1.0
307	0.9950413223140496
308	1.0
309	0.996694214876033
310	0.9950413223140496
311	0.996694214876033
312	0.9983471074380166
313	0.9983471074380166
314	0.996694214876033
315	1.0
316	1.0
317	1.0
318	1.0
319	1.0
320	1.0
321	1.0
322	0.9983471074380166
323	0.9983471074380166
324	0.9983471074380166
325	1.0
326	1.0
327	0.9950413223140496
328	1.0
329	1.0
330	0.9983471074380166
331	0.9983471074380166
332	1.0
333	1.0
334	1.0
335	0.9983471074380166
336	0.996694214876033
337	0.996694214876033
338	0.9950413223140496
339	0.996694214876033
340	1.0
341	1.0
342	0.9983471074380166
343	0.9983471074380166
344	1.0
345	1.0
346	0.9983471074380166
347	0.9983471074380166
348	0.996694214876033
349	1.0
350	1.0
351	1.0
352	0.9983471074380166
353	0.9983471074380166
354	0.996694214876033
355	0.9983471074380166
356	0.996694214876033
357	0.996694214876033
358	0.9983471074380166
359	0.996694214876033
360	0.9950413223140496
361	0.9983471074380166
362	1.0
363	0.9983471074380166
364	0.9983471074380166
365	1.0
366	1.0
367	1.0
368	1.0
369	1.0
370	0.9983471074380166
371	0.9983471074380166
372	0.9983471074380166
373	0.9983471074380166
374	1.0
375	1.0
376	0.9983471074380166
377	0.9983471074380166
378	1.0
379	0.996694214876033
380	0.9983471074380166
381	0.996694214876033
382	1.0
383	0.9983471074380166
384	1.0
385	1.0
386	1.0
387	0.996694214876033
388	0.9983471074380166
389	1.0
390	1.0
391	1.0
392	0.9983471074380166
393	1.0
394	1.0
395	1.0
396	1.0
397	1.0
398	0.9983471074380166
399	1.0
400	0.996694214876033
401	0.9983471074380166
402	0.9950413223140496
403	0.9983471074380166
404	1.0
405	0.9983471074380166
406	0.996694214876033
407	1.0
408	1.0
409	0.9983471074380166
410	0.9983471074380166
411	1.0
412	1.0
413	0.9983471074380166
414	0.9983471074380166
415	1.0
416	0.9983471074380166
417	1.0
418	0.9950413223140496
419	0.9983471074380166
420	1.0
421	0.9983471074380166
422	0.9983471074380166
423	1.0
424	1.0
425	0.996694214876033
426	1.0
427	0.996694214876033
428	0.9983471074380166
429	1.0
430	1.0
431	1.0
432	1.0
433	0.9983471074380166
434	0.9983471074380166
435	0.9983471074380166
436	0.996694214876033
437	0.9983471074380166
438	0.996694214876033
439	0.996694214876033
440	1.0
441	1.0
442	1.0
443	0.9983471074380166
444	0.9983471074380166
445	0.996694214876033
446	1.0
447	1.0
448	0.9983471074380166
449	1.0
450	0.9983471074380166
451	1.0
452	1.0
453	0.9983471074380166
454	0.9983471074380166
455	0.996694214876033
456	0.9917355371900827
457	1.0
458	0.9983471074380166
459	0.9983471074380166
460	1.0
461	1.0
462	0.9983471074380166
463	0.9983471074380166
464	1.0
465	1.0
466	1.0
467	0.9983471074380166
468	0.996694214876033
469	0.9983471074380166
470	0.996694214876033
471	0.996694214876033
472	0.9983471074380166
473	0.9950413223140496
474	0.9983471074380166
475	0.9983471074380166
476	0.996694214876033
477	1.0
478	0.9950413223140496
479	0.9983471074380166
480	0.9983471074380166
481	0.9983471074380166
482	0.9983471074380166
483	1.0
484	0.9983471074380166
485	1.0
486	1.0
487	0.9983471074380166
488	1.0
489	0.9983471074380166
490	1.0
491	0.996694214876033
492	0.9983471074380166
493	1.0
494	0.9983471074380166
495	0.9983471074380166
496	1.0
497	1.0
498	0.9983471074380166
499	1.0
500	0.9983471074380166
501	0.9950413223140496
502	1.0
503	0.9950413223140496
504	0.9950413223140496
505	0.9983471074380166
506	1.0
507	0.9983471074380166
508	0.996694214876033
509	0.9983471074380166
510	1.0
511	1.0
512	0.9983471074380166
513	0.996694214876033
514	1.0
515	0.996694214876033
516	1.0
517	0.9933884297520661
518	0.9950413223140496
519	1.0
520	1.0
521	1.0
522	0.9983471074380166
523	0.9983471074380166
524	1.0
525	0.9983471074380166
526	0.996694214876033
527	1.0
528	0.996694214876033
529	1.0
530	0.9983471074380166
531	0.996694214876033
532	0.996694214876033
533	0.996694214876033
534	1.0
535	1.0
536	1.0
537	0.9983471074380166
538	0.9983471074380166
539	1.0
540	0.996694214876033
541	0.996694214876033
542	0.9983471074380166
543	0.9983471074380166
544	0.9983471074380166
545	1.0
546	1.0
547	1.0
548	1.0
549	1.0
550	1.0
551	0.9983471074380166
552	0.9983471074380166
553	0.996694214876033
554	1.0
555	1.0
556	1.0
557	0.9983471074380166
558	1.0
559	0.996694214876033
560	0.996694214876033
561	0.996694214876033
562	1.0
563	0.9983471074380166
564	1.0
565	1.0
566	0.9983471074380166
567	1.0
568	0.9983471074380166
569	1.0
570	0.9983471074380166
571	1.0
572	1.0
573	1.0
574	1.0
575	1.0
576	1.0
577	0.9983471074380166
578	1.0
579	1.0
580	0.9983471074380166
581	1.0
582	0.9983471074380166
583	1.0
584	0.9983471074380166
585	1.0
586	0.9983471074380166
587	0.9983471074380166
588	0.996694214876033
589	1.0
590	0.9983471074380166
591	1.0
592	1.0
593	1.0
594	0.9983471074380166
595	0.9983471074380166
596	1.0
597	0.9983471074380166
598	0.9983471074380166
599	0.996694214876033
600	0.9950413223140496
601	0.996694214876033
602	0.9950413223140496
603	0.996694214876033
604	0.9917355371900827
605	0.996694214876033
606	0.9983471074380166
607	1.0
608	0.996694214876033
609	1.0
610	1.0
611	1.0
612	1.0
613	1.0
614	1.0
615	1.0
616	1.0
617	1.0
618	1.0
619	1.0
620	1.0
621	0.9983471074380166
622	1.0
623	1.0
624	0.9983471074380166
625	0.9983471074380166
626	0.9983471074380166
627	1.0
628	1.0
629	0.9983471074380166
630	0.9983471074380166
631	0.9983471074380166
632	1.0
633	1.0
634	0.996694214876033
635	0.9983471074380166
636	0.9950413223140496
637	0.9917355371900827
638	0.9917355371900827
639	0.9983471074380166
640	1.0
641	1.0
642	1.0
643	1.0
644	1.0
645	1.0
646	1.0
647	1.0
648	1.0
649	1.0
650	0.9983471074380166
651	0.9983471074380166
652	0.996694214876033
653	0.9983471074380166
654	0.9983471074380166
655	0.996694214876033
656	1.0
657	0.996694214876033
658	1.0
659	0.9983471074380166
660	1.0
661	0.9983471074380166
662	1.0
663	0.9983471074380166
664	1.0
665	0.9983471074380166
666	1.0
667	0.9983471074380166
668	1.0
669	0.9950413223140496
670	1.0
671	0.9983471074380166
672	0.9983471074380166
673	0.9983471074380166
674	1.0
675	1.0
676	0.9933884297520661
677	0.9950413223140496
678	0.9983471074380166
679	1.0
680	1.0
681	0.996694214876033
682	0.9983471074380166
683	0.9983471074380166
684	0.9983471074380166
685	0.9950413223140496
686	0.9950413223140496
687	0.9950413223140496
688	0.9950413223140496
689	0.9983471074380166
690	0.9983471074380166
691	0.996694214876033
692	0.9950413223140496
693	1.0
694	0.9983471074380166
695	1.0
696	0.9983471074380166
697	1.0
698	0.9983471074380166
699	1.0
700	0.9983471074380166
701	0.9950413223140496
702	0.9950413223140496
703	0.996694214876033
704	0.9983471074380166
705	0.9983471074380166
706	0.9983471074380166
707	0.996694214876033
708	1.0
709	0.9983471074380166
710	1.0
711	0.9950413223140496
712	1.0
713	1.0
714	0.9983471074380166
715	1.0
716	0.996694214876033
717	0.9983471074380166
718	0.9983471074380166
719	1.0
720	1.0
721	1.0
722	1.0
723	1.0
724	1.0
725	1.0
726	0.9983471074380166
727	0.9983471074380166
728	0.996694214876033
729	1.0
730	1.0
731	1.0
732	1.0
733	0.9983471074380166
734	1.0
735	0.996694214876033
736	1.0
737	0.996694214876033
738	1.0
739	1.0
740	1.0
741	1.0
742	1.0
743	0.9983471074380166
744	0.9983471074380166
745	0.9983471074380166
746	1.0
747	0.9983471074380166
748	0.9983471074380166
749	0.996694214876033
750	0.996694214876033
751	1.0
752	0.9983471074380166
753	0.9983471074380166
754	0.9983471074380166
755	1.0
756	1.0
757	0.9983471074380166
758	0.996694214876033
759	0.9983471074380166
760	0.9983471074380166
761	0.9983471074380166
762	0.9983471074380166
763	0.9983471074380166
764	0.9983471074380166
765	0.996694214876033
766	0.996694214876033
767	0.9950413223140496
768	0.996694214876033
769	0.9983471074380166
770	1.0
771	1.0
772	1.0
773	0.9983471074380166
774	1.0
775	0.9983471074380166
776	1.0
777	1.0
778	1.0
779	1.0
780	1.0
781	1.0
782	1.0
783	0.9983471074380166
784	1.0
785	0.9983471074380166
786	0.996694214876033
787	1.0
788	1.0
789	1.0
790	0.9983471074380166
791	0.9983471074380166
792	1.0
793	1.0
794	0.9983471074380166
795	0.9983471074380166
796	0.9983471074380166
797	0.9983471074380166
798	0.9983471074380166
799	1.0
800	1.0
801	0.9983471074380166
802	0.9983471074380166
803	0.9983471074380166
804	0.9983471074380166
805	0.9983471074380166
806	1.0
807	1.0
808	1.0
809	0.9983471074380166
810	1.0
811	0.996694214876033
812	1.0
813	1.0
814	1.0
815	0.9983471074380166
816	0.9983471074380166
817	0.9983471074380166
818	0.996694214876033
819	0.9983471074380166
820	1.0
821	1.0
822	1.0
823	1.0
824	1.0
825	0.9983471074380166
826	0.9983471074380166
827	0.9983471074380166
828	0.996694214876033
829	1.0
830	1.0
831	0.9983471074380166
832	1.0
833	1.0
834	0.9983471074380166
835	1.0
836	1.0
837	0.9983471074380166
838	0.9983471074380166
839	0.9983471074380166
840	0.9983471074380166
841	0.9983471074380166
842	1.0
843	0.9983471074380166
844	1.0
845	0.9983471074380166
846	0.9983471074380166
847	1.0
848	0.9983471074380166
849	1.0
850	0.9983471074380166
851	1.0
852	0.9983471074380166
853	0.996694214876033
854	1.0
855	1.0
856	1.0
857	0.9983471074380166
858	0.9983471074380166
859	1.0
860	0.9983471074380166
861	0.9983471074380166
862	0.9983471074380166
863	1.0
864	1.0
865	1.0
866	1.0
867	1.0
868	0.9983471074380166
869	0.9983471074380166
870	0.9983471074380166
871	0.9983471074380166
872	0.996694214876033
873	1.0
874	1.0
875	1.0
876	1.0
877	1.0
878	1.0
879	1.0
880	0.9983471074380166
881	0.9983471074380166
882	0.996694214876033
883	0.9950413223140496
884	0.9950413223140496
885	0.9917355371900827
886	0.9983471074380166
887	0.9950413223140496
888	0.996694214876033
889	0.996694214876033
890	1.0
891	0.9950413223140496
892	1.0
893	1.0
894	0.9983471074380166
895	1.0
896	1.0
897	1.0
898	0.9983471074380166
899	1.0
900	1.0
901	0.996694214876033
902	0.996694214876033
903	0.9983471074380166
904	1.0
905	0.9983471074380166
906	1.0
907	0.9983471074380166
908	0.9983471074380166
909	0.9983471074380166
910	1.0
911	0.9983471074380166
912	0.9983471074380166
913	0.9983471074380166
914	0.9983471074380166
915	0.9950413223140496
916	0.996694214876033
917	0.996694214876033
918	0.9983471074380166
919	0.9950413223140496
920	0.9983471074380166
921	0.9983471074380166
922	1.0
923	0.9983471074380166
924	1.0
925	1.0
926	1.0
927	1.0
928	1.0
929	1.0
930	1.0
931	1.0
932	0.9983471074380166
933	0.9933884297520661
934	1.0
935	1.0
936	0.996694214876033
937	0.9983471074380166
938	0.9983471074380166
939	0.9983471074380166
940	0.9983471074380166
941	1.0
942	1.0
943	1.0
944	1.0
945	0.9983471074380166
946	1.0
947	1.0
948	1.0
949	0.9983471074380166
950	0.996694214876033
951	0.9983471074380166
952	1.0
953	0.9983471074380166
954	0.9983471074380166
955	0.9983471074380166
956	1.0
957	1.0
958	1.0
959	0.9983471074380166
960	1.0
961	1.0
962	1.0
963	0.9983471074380166
964	0.996694214876033
965	1.0
966	1.0
967	0.9983471074380166
968	0.9983471074380166
969	1.0
970	1.0
971	0.996694214876033
972	0.996694214876033
973	1.0
974	1.0
975	1.0
976	0.9983471074380166
977	0.996694214876033
978	1.0
979	1.0
980	0.9983471074380166
981	0.996694214876033
982	1.0
983	1.0
984	1.0
985	1.0
986	1.0
987	1.0
988	0.9983471074380166
989	0.996694214876033
990	0.9983471074380166
991	1.0
992	1.0
993	0.9983471074380166
994	0.996694214876033
995	0.9983471074380166
996	0.9983471074380166
997	1.0
998	1.0
999	1.0
1000	0.9983471074380166
