1	0.009142857142857144
2	0.012571428571428572
3	0.014857142857142857
4	0.016
5	0.016
6	0.019428571428571427
7	0.022857142857142857
8	0.017142857142857144
9	0.027428571428571427
10	0.032
11	0.04114285714285714
12	0.046857142857142854
13	0.04114285714285714
14	0.045714285714285714
15	0.046857142857142854
16	0.05142857142857143
17	0.060571428571428575
18	0.06742857142857143
19	0.06971428571428571
20	0.08
21	0.08685714285714285
22	0.09142857142857143
23	0.09371428571428571
24	0.10742857142857143
25	0.12114285714285715
26	0.12342857142857143
27	0.1337142857142857
28	0.136
29	0.14057142857142857
30	0.14514285714285713
31	0.16228571428571428
32	0.15771428571428572
33	0.16685714285714287
34	0.15885714285714286
35	0.17942857142857144
36	0.17714285714285713
37	0.18514285714285714
38	0.20914285714285713
39	0.2057142857142857
40	0.216
41	0.2057142857142857
42	0.20914285714285713
43	0.22285714285714286
44	0.24
45	0.23542857142857143
46	0.256
47	0.2422857142857143
48	0.24114285714285713
49	0.2582857142857143
50	0.2502857142857143
51	0.26285714285714284
52	0.26285714285714284
53	0.2674285714285714
54	0.2914285714285714
55	0.2925714285714286
56	0.2845714285714286
57	0.30057142857142854
58	0.304
59	0.32
60	0.3097142857142857
61	0.31314285714285717
62	0.3325714285714286
63	0.3405714285714286
64	0.32
65	0.32685714285714285
66	0.3485714285714286
67	0.344
68	0.3554285714285714
69	0.36342857142857143
70	0.36342857142857143
71	0.3565714285714286
72	0.36342857142857143
73	0.3942857142857143
74	0.3862857142857143
75	0.3954285714285714
76	0.38171428571428573
77	0.4125714285714286
78	0.3965714285714286
79	0.4102857142857143
80	0.38971428571428574
81	0.3965714285714286
82	0.4125714285714286
83	0.4297142857142857
84	0.42628571428571427
85	0.43657142857142855
86	0.42628571428571427
87	0.44
88	0.43314285714285716
89	0.43657142857142855
90	0.424
91	0.4308571428571429
92	0.46514285714285714
93	0.4674285714285714
94	0.45371428571428574
95	0.45485714285714285
96	0.47314285714285714
97	0.45714285714285713
98	0.488
99	0.48
100	0.4754285714285714
101	0.49142857142857144
102	0.488
103	0.49942857142857144
104	0.5074285714285715
105	0.5074285714285715
106	0.488
107	0.5177142857142857
108	0.5188571428571429
109	0.536
110	0.5302857142857142
111	0.5268571428571428
112	0.504
113	0.5394285714285715
114	0.5302857142857142
115	0.5611428571428572
116	0.5691428571428572
117	0.5405714285714286
118	0.5588571428571428
119	0.5588571428571428
120	0.5714285714285714
121	0.5725714285714286
122	0.568
123	0.5577142857142857
124	0.5771428571428572
125	0.5988571428571429
126	0.5874285714285714
127	0.6045714285714285
128	0.6045714285714285
129	0.6091428571428571
130	0.6045714285714285
131	0.5885714285714285
132	0.5885714285714285
133	0.5988571428571429
134	0.6228571428571429
135	0.6034285714285714
136	0.6171428571428571
137	0.6308571428571429
138	0.6297142857142857
139	0.6262857142857143
140	0.6137142857142858
141	0.6125714285714285
142	0.6205714285714286
143	0.6388571428571429
144	0.6194285714285714
145	0.6445714285714286
146	0.6571428571428571
147	0.6228571428571429
148	0.6205714285714286
149	0.6354285714285715
150	0.6571428571428571
151	0.6468571428571429
152	0.6422857142857142
153	0.648
154	0.6525714285714286
155	0.6525714285714286
156	0.6434285714285715
157	0.6365714285714286
158	0.6594285714285715
159	0.648
160	0.6617142857142857
161	0.6674285714285715
162	0.6548571428571428
163	0.6697142857142857
164	0.6662857142857143
165	0.6742857142857143
166	0.6674285714285715
167	0.6628571428571428
168	0.6811428571428572
169	0.6617142857142857
170	0.6742857142857143
171	0.6754285714285714
172	0.664
173	0.6891428571428572
174	0.6537142857142857
175	0.6697142857142857
176	0.6731428571428572
177	0.6754285714285714
178	0.6902857142857143
179	0.7062857142857143
180	0.6708571428571428
181	0.6754285714285714
182	0.672
183	0.68
184	0.6742857142857143
185	0.6971428571428572
186	0.7165714285714285
187	0.7211428571428572
188	0.7005714285714286
189	0.7074285714285714
190	0.7314285714285714
191	0.6982857142857143
192	0.7222857142857143
193	0.688
194	0.696
195	0.7097142857142857
196	0.7222857142857143
197	0.7245714285714285
198	0.7268571428571429
199	0.7291428571428571
200	0.7451428571428571
201	0.7371428571428571
202	0.7314285714285714
203	0.7382857142857143
204	0.7702857142857142
205	0.7462857142857143
206	0.7748571428571429
207	0.7565714285714286
208	0.7405714285714285
209	0.7668571428571429
210	0.7222857142857143
211	0.7737142857142857
212	0.7611428571428571
213	0.7645714285714286
214	0.7588571428571429
215	0.7657142857142857
216	0.7451428571428571
217	0.7714285714285715
218	0.7577142857142857
219	0.7942857142857143
220	0.7828571428571428
221	0.7817142857142857
222	0.7954285714285714
223	0.7988571428571428
224	0.7977142857142857
225	0.808
226	0.8045714285714286
227	0.7908571428571428
228	0.7977142857142857
229	0.7885714285714286
230	0.7988571428571428
231	0.8217142857142857
232	0.8205714285714286
233	0.8148571428571428
234	0.8274285714285714
235	0.8262857142857143
236	0.7977142857142857
237	0.8297142857142857
238	0.816
239	0.8
240	0.8022857142857143
241	0.8285714285714286
242	0.8045714285714286
243	0.8182857142857143
244	0.8182857142857143
245	0.8354285714285714
246	0.832
247	0.8354285714285714
248	0.8228571428571428
249	0.8354285714285714
250	0.8411428571428572
251	0.8457142857142858
252	0.8582857142857143
253	0.8228571428571428
254	0.8194285714285714
255	0.8297142857142857
256	0.832
257	0.8502857142857143
258	0.8537142857142858
259	0.8297142857142857
260	0.8411428571428572
261	0.8377142857142857
262	0.8674285714285714
263	0.8537142857142858
264	0.8571428571428571
265	0.8468571428571429
266	0.8502857142857143
267	0.8697142857142857
268	0.8674285714285714
269	0.8537142857142858
270	0.8548571428571429
271	0.864
272	0.8571428571428571
273	0.8525714285714285
274	0.8811428571428571
275	0.872
276	0.8617142857142858
277	0.8742857142857143
278	0.8731428571428571
279	0.888
280	0.8777142857142857
281	0.8902857142857142
282	0.872
283	0.8742857142857143
284	0.8754285714285714
285	0.8765714285714286
286	0.8765714285714286
287	0.8948571428571429
288	0.8891428571428571
289	0.8948571428571429
290	0.8925714285714286
291	0.8822857142857143
292	0.8845714285714286
293	0.8857142857142857
294	0.8925714285714286
295	0.896
296	0.9085714285714286
297	0.8788571428571429
298	0.8891428571428571
299	0.8948571428571429
300	0.8937142857142857
301	0.8914285714285715
302	0.8937142857142857
303	0.8857142857142857
304	0.8948571428571429
305	0.8777142857142857
306	0.8777142857142857
307	0.8811428571428571
308	0.8948571428571429
309	0.8902857142857142
310	0.888
311	0.9005714285714286
312	0.8891428571428571
313	0.8777142857142857
314	0.9017142857142857
315	0.888
316	0.8868571428571429
317	0.8948571428571429
318	0.8982857142857142
319	0.9245714285714286
320	0.92
321	0.8902857142857142
322	0.888
323	0.8902857142857142
324	0.8914285714285715
325	0.904
326	0.9017142857142857
327	0.8925714285714286
328	0.9051428571428571
329	0.8948571428571429
330	0.9051428571428571
331	0.9062857142857143
332	0.9005714285714286
333	0.9131428571428571
334	0.8845714285714286
335	0.8845714285714286
336	0.9108571428571428
337	0.9154285714285715
338	0.9165714285714286
339	0.9142857142857143
340	0.9108571428571428
341	0.8994285714285715
342	0.9177142857142857
343	0.9177142857142857
344	0.9154285714285715
345	0.9131428571428571
346	0.9291428571428572
347	0.9257142857142857
348	0.9097142857142857
349	0.9028571428571428
350	0.9348571428571428
351	0.9165714285714286
352	0.8891428571428571
353	0.888
354	0.8994285714285715
355	0.9257142857142857
356	0.9142857142857143
357	0.9222857142857143
358	0.9222857142857143
359	0.9062857142857143
360	0.9154285714285715
361	0.9142857142857143
362	0.9348571428571428
363	0.92
364	0.8925714285714286
365	0.9142857142857143
366	0.9165714285714286
367	0.8982857142857142
368	0.92
369	0.9234285714285714
370	0.9177142857142857
371	0.9177142857142857
372	0.9348571428571428
373	0.9177142857142857
374	0.9268571428571428
375	0.9234285714285714
376	0.9211428571428572
377	0.9394285714285714
378	0.936
379	0.9257142857142857
380	0.9485714285714286
381	0.936
382	0.9245714285714286
383	0.936
384	0.9211428571428572
385	0.9485714285714286
386	0.9268571428571428
387	0.9382857142857143
388	0.9291428571428572
389	0.9497142857142857
390	0.9245714285714286
391	0.9314285714285714
392	0.9222857142857143
393	0.9394285714285714
394	0.9268571428571428
395	0.9302857142857143
396	0.9394285714285714
397	0.9474285714285714
398	0.9165714285714286
399	0.9394285714285714
400	0.936
401	0.9542857142857143
402	0.9325714285714286
403	0.9474285714285714
404	0.9302857142857143
405	0.9405714285714286
406	0.9417142857142857
407	0.9554285714285714
408	0.9371428571428572
409	0.9405714285714286
410	0.9348571428571428
411	0.952
412	0.9474285714285714
413	0.9554285714285714
414	0.944
415	0.9508571428571428
416	0.9451428571428572
417	0.9451428571428572
418	0.9634285714285714
419	0.928
420	0.9394285714285714
421	0.9462857142857143
422	0.9554285714285714
423	0.944
424	0.952
425	0.936
426	0.96
427	0.9394285714285714
428	0.9565714285714285
429	0.9451428571428572
430	0.944
431	0.9577142857142857
432	0.9542857142857143
433	0.9462857142857143
434	0.9485714285714286
435	0.9474285714285714
436	0.9497142857142857
437	0.9462857142857143
438	0.9531428571428572
439	0.9542857142857143
440	0.9531428571428572
441	0.9485714285714286
442	0.9508571428571428
443	0.9451428571428572
444	0.9565714285714285
445	0.936
446	0.9577142857142857
447	0.9428571428571428
448	0.96
449	0.9622857142857143
450	0.9394285714285714
451	0.9577142857142857
452	0.9508571428571428
453	0.9474285714285714
454	0.9417142857142857
455	0.9565714285714285
456	0.9462857142857143
457	0.9588571428571429
458	0.9531428571428572
459	0.9622857142857143
460	0.9645714285714285
461	0.9497142857142857
462	0.9462857142857143
463	0.9588571428571429
464	0.9554285714285714
465	0.9451428571428572
466	0.9588571428571429
467	0.9428571428571428
468	0.9542857142857143
469	0.9565714285714285
470	0.9622857142857143
471	0.9554285714285714
472	0.9508571428571428
473	0.9531428571428572
474	0.968
475	0.9588571428571429
476	0.9508571428571428
477	0.968
478	0.9702857142857143
479	0.9702857142857143
480	0.9588571428571429
481	0.9565714285714285
482	0.9565714285714285
483	0.9611428571428572
484	0.9725714285714285
485	0.9508571428571428
486	0.9611428571428572
487	0.9554285714285714
488	0.9588571428571429
489	0.9645714285714285
490	0.9657142857142857
491	0.9588571428571429
492	0.9668571428571429
493	0.9565714285714285
494	0.9577142857142857
495	0.9702857142857143
496	0.96
497	0.9588571428571429
498	0.9611428571428572
499	0.9565714285714285
500	0.9691428571428572
501	0.9668571428571429
502	0.9668571428571429
503	0.968
504	0.9645714285714285
505	0.9611428571428572
506	0.968
507	0.9645714285714285
508	0.9634285714285714
509	0.9622857142857143
510	0.9645714285714285
511	0.9645714285714285
512	0.9577142857142857
513	0.9611428571428572
514	0.9634285714285714
515	0.9577142857142857
516	0.9691428571428572
517	0.9634285714285714
518	0.9691428571428572
519	0.9737142857142858
520	0.9702857142857143
521	0.9668571428571429
522	0.9634285714285714
523	0.9702857142857143
524	0.9622857142857143
525	0.9634285714285714
526	0.9611428571428572
527	0.9611428571428572
528	0.9691428571428572
529	0.9634285714285714
530	0.9657142857142857
531	0.9725714285714285
532	0.968
533	0.9748571428571429
534	0.9702857142857143
535	0.9691428571428572
536	0.9668571428571429
537	0.9714285714285714
538	0.968
539	0.9645714285714285
540	0.9702857142857143
541	0.9702857142857143
542	0.9577142857142857
543	0.9657142857142857
544	0.9622857142857143
545	0.968
546	0.9702857142857143
547	0.9782857142857143
548	0.9725714285714285
549	0.9737142857142858
550	0.9668571428571429
551	0.9645714285714285
552	0.9645714285714285
553	0.976
554	0.9565714285714285
555	0.9691428571428572
556	0.9691428571428572
557	0.9771428571428571
558	0.9565714285714285
559	0.9771428571428571
560	0.968
561	0.9691428571428572
562	0.9714285714285714
563	0.9714285714285714
564	0.9771428571428571
565	0.9668571428571429
566	0.976
567	0.9748571428571429
568	0.9725714285714285
569	0.9737142857142858
570	0.976
571	0.9725714285714285
572	0.9668571428571429
573	0.968
574	0.9725714285714285
575	0.976
576	0.976
577	0.9622857142857143
578	0.9725714285714285
579	0.9622857142857143
580	0.9714285714285714
581	0.9691428571428572
582	0.9588571428571429
583	0.9634285714285714
584	0.9828571428571429
585	0.9691428571428572
586	0.9748571428571429
587	0.9737142857142858
588	0.9657142857142857
589	0.968
590	0.9748571428571429
591	0.968
592	0.9782857142857143
593	0.9668571428571429
594	0.9737142857142858
595	0.9691428571428572
596	0.9714285714285714
597	0.9725714285714285
598	0.9691428571428572
599	0.968
600	0.9657142857142857
601	0.9714285714285714
602	0.9588571428571429
603	0.9714285714285714
604	0.9611428571428572
605	0.9645714285714285
606	0.968
607	0.9645714285714285
608	0.9714285714285714
609	0.9771428571428571
610	0.9691428571428572
611	0.9668571428571429
612	0.9702857142857143
613	0.968
614	0.9748571428571429
615	0.9668571428571429
616	0.976
617	0.9771428571428571
618	0.984
619	0.9725714285714285
620	0.9702857142857143
621	0.9702857142857143
622	0.9714285714285714
623	0.984
624	0.9714285714285714
625	0.9748571428571429
626	0.9714285714285714
627	0.984
628	0.9634285714285714
629	0.9714285714285714
630	0.9725714285714285
631	0.9748571428571429
632	0.9657142857142857
633	0.9737142857142858
634	0.9634285714285714
635	0.9748571428571429
636	0.9737142857142858
637	0.968
638	0.9748571428571429
639	0.976
640	0.9702857142857143
641	0.9691428571428572
642	0.968
643	0.9702857142857143
644	0.9714285714285714
645	0.9748571428571429
646	0.9725714285714285
647	0.9702857142857143
648	0.9771428571428571
649	0.9714285714285714
650	0.9588571428571429
651	0.976
652	0.9565714285714285
653	0.9714285714285714
654	0.9771428571428571
655	0.9668571428571429
656	0.9657142857142857
657	0.9702857142857143
658	0.9748571428571429
659	0.9737142857142858
660	0.9782857142857143
661	0.9691428571428572
662	0.9657142857142857
663	0.968
664	0.976
665	0.976
666	0.9714285714285714
667	0.9691428571428572
668	0.9782857142857143
669	0.9691428571428572
670	0.9668571428571429
671	0.9691428571428572
672	0.9737142857142858
673	0.9645714285714285
674	0.9702857142857143
675	0.9634285714285714
676	0.9668571428571429
677	0.9702857142857143
678	0.968
679	0.9691428571428572
680	0.9748571428571429
681	0.968
682	0.9657142857142857
683	0.9657142857142857
684	0.9702857142857143
685	0.9702857142857143
686	0.9645714285714285
687	0.968
688	0.968
689	0.9702857142857143
690	0.9725714285714285
691	0.9737142857142858
692	0.9714285714285714
693	0.976
694	0.976
695	0.9691428571428572
696	0.976
697	0.9645714285714285
698	0.976
699	0.9805714285714285
700	0.9577142857142857
701	0.9725714285714285
702	0.9645714285714285
703	0.9748571428571429
704	0.9714285714285714
705	0.9657142857142857
706	0.968
707	0.9714285714285714
708	0.968
709	0.9691428571428572
710	0.9691428571428572
711	0.9714285714285714
712	0.96
713	0.9702857142857143
714	0.9782857142857143
715	0.9657142857142857
716	0.9737142857142858
717	0.9725714285714285
718	0.9702857142857143
719	0.9805714285714285
720	0.9565714285714285
721	0.9725714285714285
722	0.9634285714285714
723	0.9657142857142857
724	0.9702857142857143
725	0.9771428571428571
726	0.976
727	0.9725714285714285
728	0.9657142857142857
729	0.9737142857142858
730	0.9611428571428572
731	0.9611428571428572
732	0.9657142857142857
733	0.9714285714285714
734	0.9725714285714285
735	0.968
736	0.9702857142857143
737	0.9725714285714285
738	0.976
739	0.9725714285714285
740	0.9668571428571429
741	0.9622857142857143
742	0.968
743	0.9725714285714285
744	0.9805714285714285
745	0.9634285714285714
746	0.9702857142857143
747	0.9714285714285714
748	0.9714285714285714
749	0.976
750	0.9702857142857143
751	0.968
752	0.9657142857142857
753	0.9748571428571429
754	0.9771428571428571
755	0.9725714285714285
756	0.9725714285714285
757	0.9748571428571429
758	0.9622857142857143
759	0.976
760	0.9691428571428572
761	0.9691428571428572
762	0.976
763	0.968
764	0.9588571428571429
765	0.9657142857142857
766	0.9668571428571429
767	0.9657142857142857
768	0.9622857142857143
769	0.9748571428571429
770	0.9702857142857143
771	0.9725714285714285
772	0.9611428571428572
773	0.9737142857142858
774	0.9634285714285714
775	0.9702857142857143
776	0.9702857142857143
777	0.9645714285714285
778	0.9702857142857143
779	0.9622857142857143
780	0.9634285714285714
781	0.9782857142857143
782	0.9691428571428572
783	0.96
784	0.9645714285714285
785	0.9577142857142857
786	0.9622857142857143
787	0.9748571428571429
788	0.9805714285714285
789	0.9782857142857143
790	0.9691428571428572
791	0.9702857142857143
792	0.968
793	0.9691428571428572
794	0.9714285714285714
795	0.9737142857142858
796	0.9634285714285714
797	0.9737142857142858
798	0.984
799	0.9702857142857143
800	0.9691428571428572
801	0.9725714285714285
802	0.976
803	0.976
804	0.9702857142857143
805	0.9645714285714285
806	0.9725714285714285
807	0.9737142857142858
808	0.9828571428571429
809	0.9542857142857143
810	0.9645714285714285
811	0.968
812	0.9771428571428571
813	0.9702857142857143
814	0.9805714285714285
815	0.9691428571428572
816	0.9645714285714285
817	0.9702857142857143
818	0.968
819	0.968
820	0.9748571428571429
821	0.9702857142857143
822	0.976
823	0.9771428571428571
824	0.9645714285714285
825	0.9668571428571429
826	0.9725714285714285
827	0.9771428571428571
828	0.976
829	0.9714285714285714
830	0.9691428571428572
831	0.9622857142857143
832	0.9714285714285714
833	0.9714285714285714
834	0.9691428571428572
835	0.9668571428571429
836	0.9737142857142858
837	0.976
838	0.976
839	0.9702857142857143
840	0.9622857142857143
841	0.9702857142857143
842	0.9725714285714285
843	0.96
844	0.9771428571428571
845	0.9657142857142857
846	0.9611428571428572
847	0.9782857142857143
848	0.9771428571428571
849	0.9702857142857143
850	0.9668571428571429
851	0.9748571428571429
852	0.9611428571428572
853	0.9702857142857143
854	0.9657142857142857
855	0.9725714285714285
856	0.9771428571428571
857	0.976
858	0.976
859	0.9714285714285714
860	0.9714285714285714
861	0.9714285714285714
862	0.9668571428571429
863	0.9702857142857143
864	0.9737142857142858
865	0.976
866	0.9862857142857143
867	0.9737142857142858
868	0.968
869	0.9691428571428572
870	0.9794285714285714
871	0.968
872	0.9851428571428571
873	0.9634285714285714
874	0.968
875	0.9668571428571429
876	0.9748571428571429
877	0.9828571428571429
878	0.968
879	0.968
880	0.9668571428571429
881	0.9748571428571429
882	0.9714285714285714
883	0.9714285714285714
884	0.976
885	0.9828571428571429
886	0.9691428571428572
887	0.976
888	0.976
889	0.968
890	0.9657142857142857
891	0.9702857142857143
892	0.976
893	0.9737142857142858
894	0.9748571428571429
895	0.9794285714285714
896	0.9714285714285714
897	0.9702857142857143
898	0.9622857142857143
899	0.9668571428571429
900	0.9748571428571429
901	0.9668571428571429
902	0.968
903	0.9725714285714285
904	0.9714285714285714
905	0.9588571428571429
906	0.9748571428571429
907	0.9691428571428572
908	0.9817142857142858
909	0.9634285714285714
910	0.9691428571428572
911	0.9771428571428571
912	0.9691428571428572
913	0.9725714285714285
914	0.968
915	0.9668571428571429
916	0.9771428571428571
917	0.9657142857142857
918	0.9577142857142857
919	0.9668571428571429
920	0.9725714285714285
921	0.9748571428571429
922	0.9725714285714285
923	0.9771428571428571
924	0.976
925	0.9828571428571429
926	0.976
927	0.9725714285714285
928	0.9702857142857143
929	0.9702857142857143
930	0.9657142857142857
931	0.9634285714285714
932	0.9668571428571429
933	0.9771428571428571
934	0.9657142857142857
935	0.9782857142857143
936	0.9668571428571429
937	0.9748571428571429
938	0.9645714285714285
939	0.9725714285714285
940	0.9702857142857143
941	0.9714285714285714
942	0.9828571428571429
943	0.96
944	0.9691428571428572
945	0.9668571428571429
946	0.9748571428571429
947	0.9668571428571429
948	0.9668571428571429
949	0.968
950	0.9645714285714285
951	0.976
952	0.9737142857142858
953	0.9634285714285714
954	0.9748571428571429
955	0.9691428571428572
956	0.984
957	0.9714285714285714
958	0.984
959	0.9668571428571429
960	0.9748571428571429
961	0.9737142857142858
962	0.976
963	0.96
964	0.9657142857142857
965	0.9714285714285714
966	0.9771428571428571
967	0.9725714285714285
968	0.9702857142857143
969	0.9657142857142857
970	0.9748571428571429
971	0.9668571428571429
972	0.9714285714285714
973	0.9782857142857143
974	0.9851428571428571
975	0.9771428571428571
976	0.9737142857142858
977	0.9714285714285714
978	0.9748571428571429
979	0.9737142857142858
980	0.9748571428571429
981	0.9565714285714285
982	0.9737142857142858
983	0.9634285714285714
984	0.9714285714285714
985	0.9737142857142858
986	0.9725714285714285
987	0.9748571428571429
988	0.968
989	0.9657142857142857
990	0.9668571428571429
991	0.9817142857142858
992	0.9748571428571429
993	0.968
994	0.976
995	0.9691428571428572
996	0.9748571428571429
997	0.9611428571428572
998	0.976
999	0.976
1000	0.9634285714285714
