1	0.0915032679738562
2	0.1111111111111111
3	0.11437908496732026
4	0.14052287581699346
5	0.16666666666666666
6	0.20261437908496732
7	0.2581699346405229
8	0.2973856209150327
9	0.3300653594771242
10	0.3464052287581699
11	0.369281045751634
12	0.3888888888888889
13	0.3954248366013072
14	0.4411764705882353
15	0.4411764705882353
16	0.45751633986928103
17	0.4542483660130719
18	0.48366013071895425
19	0.4934640522875817
20	0.46078431372549017
21	0.477124183006536
22	0.4869281045751634
23	0.5032679738562091
24	0.4934640522875817
25	0.5196078431372549
26	0.5
27	0.5130718954248366
28	0.545751633986928
29	0.5228758169934641
30	0.5326797385620915
31	0.5751633986928104
32	0.5620915032679739
33	0.6111111111111112
34	0.5718954248366013
35	0.5816993464052288
36	0.5686274509803921
37	0.5751633986928104
38	0.6045751633986928
39	0.6176470588235294
40	0.5947712418300654
41	0.5784313725490197
42	0.6176470588235294
43	0.6176470588235294
44	0.6241830065359477
45	0.6437908496732027
46	0.6535947712418301
47	0.6274509803921569
48	0.6339869281045751
49	0.6666666666666666
50	0.6241830065359477
51	0.6764705882352942
52	0.6699346405228758
53	0.6797385620915033
54	0.6372549019607843
55	0.6666666666666666
56	0.6601307189542484
57	0.6862745098039216
58	0.7124183006535948
59	0.6862745098039216
60	0.6764705882352942
61	0.6535947712418301
62	0.7091503267973857
63	0.7189542483660131
64	0.7124183006535948
65	0.7516339869281046
66	0.7679738562091504
67	0.7287581699346405
68	0.7058823529411765
69	0.7189542483660131
70	0.6764705882352942
71	0.7026143790849673
72	0.7320261437908496
73	0.7254901960784313
74	0.761437908496732
75	0.7156862745098039
76	0.7352941176470589
77	0.7287581699346405
78	0.7647058823529411
79	0.7875816993464052
80	0.7712418300653595
81	0.8006535947712419
82	0.7973856209150327
83	0.8006535947712419
84	0.8006535947712419
85	0.7843137254901961
86	0.7973856209150327
87	0.7908496732026143
88	0.7581699346405228
89	0.7810457516339869
90	0.7679738562091504
91	0.7745098039215687
92	0.7908496732026143
93	0.8137254901960784
94	0.7875816993464052
95	0.8104575163398693
96	0.8104575163398693
97	0.8137254901960784
98	0.8169934640522876
99	0.8235294117647058
100	0.7843137254901961
101	0.7908496732026143
102	0.8300653594771242
103	0.8235294117647058
104	0.8202614379084967
105	0.8202614379084967
106	0.826797385620915
107	0.7973856209150327
108	0.8366013071895425
109	0.8431372549019608
110	0.8431372549019608
111	0.7908496732026143
112	0.8169934640522876
113	0.8464052287581699
114	0.8627450980392157
115	0.8071895424836601
116	0.7875816993464052
117	0.7973856209150327
118	0.826797385620915
119	0.8104575163398693
120	0.8529411764705882
121	0.8562091503267973
122	0.8202614379084967
123	0.8562091503267973
124	0.8562091503267973
125	0.8006535947712419
126	0.8137254901960784
127	0.8169934640522876
128	0.8300653594771242
129	0.8071895424836601
130	0.869281045751634
131	0.8398692810457516
132	0.8333333333333334
133	0.8235294117647058
134	0.8137254901960784
135	0.8398692810457516
136	0.8464052287581699
137	0.8398692810457516
138	0.826797385620915
139	0.8366013071895425
140	0.8496732026143791
141	0.8464052287581699
142	0.803921568627451
143	0.8333333333333334
144	0.8071895424836601
145	0.8790849673202614
146	0.8888888888888888
147	0.8104575163398693
148	0.8562091503267973
149	0.8366013071895425
150	0.8790849673202614
151	0.8431372549019608
152	0.869281045751634
153	0.8758169934640523
154	0.8758169934640523
155	0.8921568627450981
156	0.8627450980392157
157	0.8627450980392157
158	0.8823529411764706
159	0.9019607843137255
160	0.9084967320261438
161	0.9052287581699346
162	0.9183006535947712
163	0.869281045751634
164	0.8823529411764706
165	0.8758169934640523
166	0.8856209150326797
167	0.8823529411764706
168	0.8954248366013072
169	0.8986928104575164
170	0.8888888888888888
171	0.9313725490196079
172	0.8888888888888888
173	0.8954248366013072
174	0.9019607843137255
175	0.9052287581699346
176	0.9248366013071896
177	0.9150326797385621
178	0.8823529411764706
179	0.8823529411764706
180	0.8986928104575164
181	0.8921568627450981
182	0.8921568627450981
183	0.8888888888888888
184	0.8954248366013072
185	0.9248366013071896
186	0.9248366013071896
187	0.9215686274509803
188	0.9248366013071896
189	0.9281045751633987
190	0.9313725490196079
191	0.9084967320261438
192	0.8888888888888888
193	0.8986928104575164
194	0.9117647058823529
195	0.9084967320261438
196	0.9084967320261438
197	0.8888888888888888
198	0.9019607843137255
199	0.9117647058823529
200	0.9379084967320261
201	0.9052287581699346
202	0.9248366013071896
203	0.8627450980392157
204	0.9117647058823529
205	0.9150326797385621
206	0.9281045751633987
207	0.9215686274509803
208	0.9248366013071896
209	0.9183006535947712
210	0.9215686274509803
211	0.934640522875817
212	0.9248366013071896
213	0.9248366013071896
214	0.9281045751633987
215	0.9477124183006536
216	0.9411764705882353
217	0.9313725490196079
218	0.9117647058823529
219	0.8823529411764706
220	0.9183006535947712
221	0.9313725490196079
222	0.9248366013071896
223	0.9183006535947712
224	0.9313725490196079
225	0.9084967320261438
226	0.8921568627450981
227	0.9084967320261438
228	0.9379084967320261
229	0.8954248366013072
230	0.934640522875817
231	0.9150326797385621
232	0.9379084967320261
233	0.9477124183006536
234	0.9313725490196079
235	0.9313725490196079
236	0.9379084967320261
237	0.9444444444444444
238	0.9477124183006536
239	0.9444444444444444
240	0.9477124183006536
241	0.9150326797385621
242	0.9215686274509803
243	0.9281045751633987
244	0.9313725490196079
245	0.9607843137254902
246	0.9477124183006536
247	0.9281045751633987
248	0.9150326797385621
249	0.9281045751633987
250	0.9183006535947712
251	0.9248366013071896
252	0.954248366013072
253	0.9411764705882353
254	0.9281045751633987
255	0.9248366013071896
256	0.9281045751633987
257	0.9575163398692811
258	0.9477124183006536
259	0.934640522875817
260	0.934640522875817
261	0.954248366013072
262	0.9411764705882353
263	0.9150326797385621
264	0.9477124183006536
265	0.9477124183006536
266	0.9313725490196079
267	0.9215686274509803
268	0.9183006535947712
269	0.9313725490196079
270	0.9411764705882353
271	0.9411764705882353
272	0.9411764705882353
273	0.9477124183006536
274	0.9477124183006536
275	0.9411764705882353
276	0.9444444444444444
277	0.9411764705882353
278	0.9444444444444444
279	0.9411764705882353
280	0.9607843137254902
281	0.9444444444444444
282	0.9673202614379085
283	0.9705882352941176
284	0.9607843137254902
285	0.9705882352941176
286	0.9738562091503268
287	0.9477124183006536
288	0.9575163398692811
289	0.9607843137254902
290	0.954248366013072
291	0.9640522875816994
292	0.9673202614379085
293	0.9575163398692811
294	0.9673202614379085
295	0.9803921568627451
296	0.9705882352941176
297	0.9607843137254902
298	0.9411764705882353
299	0.954248366013072
300	0.9607843137254902
301	0.9673202614379085
302	0.9477124183006536
303	0.954248366013072
304	0.9705882352941176
305	0.9509803921568627
306	0.9575163398692811
307	0.9673202614379085
308	0.954248366013072
309	0.9705882352941176
310	0.9705882352941176
311	0.9705882352941176
312	0.9738562091503268
313	0.9640522875816994
314	0.9509803921568627
315	0.9771241830065359
316	0.9673202614379085
317	0.9673202614379085
318	0.9607843137254902
319	0.954248366013072
320	0.9575163398692811
321	0.9705882352941176
322	0.9705882352941176
323	0.9575163398692811
324	0.9869281045751634
325	0.9607843137254902
326	0.9509803921568627
327	0.954248366013072
328	0.9640522875816994
329	0.9673202614379085
330	0.9738562091503268
331	0.9705882352941176
332	0.9673202614379085
333	0.9738562091503268
334	0.9738562091503268
335	0.9771241830065359
336	0.9738562091503268
337	0.9803921568627451
338	0.9869281045751634
339	0.9738562091503268
340	0.9738562091503268
341	0.9836601307189542
342	0.9803921568627451
343	0.9738562091503268
344	0.9869281045751634
345	0.9705882352941176
346	0.9575163398692811
347	0.9705882352941176
348	0.9803921568627451
349	0.9836601307189542
350	0.9738562091503268
351	0.9738562091503268
352	0.9705882352941176
353	0.9607843137254902
354	0.9901960784313726
355	0.9869281045751634
356	0.9836601307189542
357	0.9836601307189542
358	0.9869281045751634
359	0.9869281045751634
360	0.9738562091503268
361	0.9836601307189542
362	0.9901960784313726
363	0.9836601307189542
364	0.9771241830065359
365	0.9738562091503268
366	0.9803921568627451
367	0.9934640522875817
368	0.9771241830065359
369	0.9771241830065359
370	0.9738562091503268
371	0.9803921568627451
372	0.9771241830065359
373	0.9803921568627451
374	0.9771241830065359
375	0.9705882352941176
376	0.9771241830065359
377	0.9575163398692811
378	0.9673202614379085
379	0.9738562091503268
380	0.9771241830065359
381	0.9705882352941176
382	0.9640522875816994
383	0.9705882352941176
384	0.9771241830065359
385	0.9738562091503268
386	0.9836601307189542
387	0.9934640522875817
388	0.9705882352941176
389	0.9771241830065359
390	0.9738562091503268
391	0.9705882352941176
392	0.9673202614379085
393	0.9901960784313726
394	0.9869281045751634
395	0.9967320261437909
396	0.9803921568627451
397	0.9705882352941176
398	0.9803921568627451
399	0.9771241830065359
400	0.9771241830065359
401	0.9869281045751634
402	0.9869281045751634
403	0.9673202614379085
404	0.9869281045751634
405	0.9803921568627451
406	0.9869281045751634
407	0.9901960784313726
408	0.9771241830065359
409	0.9934640522875817
410	0.9869281045751634
411	0.9738562091503268
412	0.9836601307189542
413	0.9934640522875817
414	0.9967320261437909
415	0.9901960784313726
416	0.9869281045751634
417	0.9869281045751634
418	0.9771241830065359
419	0.9738562091503268
420	0.9901960784313726
421	0.9901960784313726
422	0.9869281045751634
423	0.9869281045751634
424	0.9836601307189542
425	1.0
426	0.9869281045751634
427	0.9901960784313726
428	0.9934640522875817
429	0.9901960784313726
430	0.9836601307189542
431	0.9934640522875817
432	0.9869281045751634
433	0.9836601307189542
434	0.9738562091503268
435	0.9738562091503268
436	0.9869281045751634
437	0.9803921568627451
438	0.9803921568627451
439	0.9934640522875817
440	0.9869281045751634
441	0.9967320261437909
442	0.9869281045751634
443	0.9934640522875817
444	0.9967320261437909
445	0.9967320261437909
446	0.9901960784313726
447	0.9934640522875817
448	0.9967320261437909
449	0.9836601307189542
450	0.9901960784313726
451	0.9836601307189542
452	0.9803921568627451
453	0.9934640522875817
454	0.9869281045751634
455	1.0
456	0.9967320261437909
457	0.9967320261437909
458	0.9934640522875817
459	0.9771241830065359
460	0.9934640522875817
461	0.9836601307189542
462	0.9771241830065359
463	0.9934640522875817
464	0.9803921568627451
465	0.9738562091503268
466	0.9771241830065359
467	0.9901960784313726
468	0.9869281045751634
469	0.9934640522875817
470	0.9934640522875817
471	0.9803921568627451
472	0.9934640522875817
473	0.9967320261437909
474	0.9967320261437909
475	0.9901960784313726
476	0.9934640522875817
477	0.9934640522875817
478	0.9934640522875817
479	0.9869281045751634
480	0.9967320261437909
481	0.9771241830065359
482	0.9705882352941176
483	0.9901960784313726
484	0.9934640522875817
485	0.9738562091503268
486	0.9705882352941176
487	0.9803921568627451
488	0.9934640522875817
489	0.9869281045751634
490	0.9934640522875817
491	0.9901960784313726
492	0.9738562091503268
493	0.9771241830065359
494	0.9673202614379085
495	0.9771241830065359
496	0.9803921568627451
497	0.9836601307189542
498	0.9869281045751634
499	0.9869281045751634
500	0.9869281045751634
501	0.9803921568627451
502	0.9869281045751634
503	0.9934640522875817
504	0.9934640522875817
505	0.9934640522875817
506	0.9901960784313726
507	0.9901960784313726
508	0.9771241830065359
509	0.9836601307189542
510	0.9836601307189542
511	0.9901960784313726
512	0.9836601307189542
513	0.9901960784313726
514	0.9803921568627451
515	0.9901960784313726
516	0.9934640522875817
517	0.9803921568627451
518	0.9934640522875817
519	0.9869281045751634
520	0.9967320261437909
521	0.9836601307189542
522	0.9836601307189542
523	0.9836601307189542
524	0.9901960784313726
525	0.9967320261437909
526	0.9934640522875817
527	0.9869281045751634
528	0.9803921568627451
529	0.9803921568627451
530	0.9803921568627451
531	0.9901960784313726
532	0.9967320261437909
533	0.9803921568627451
534	0.9901960784313726
535	0.9803921568627451
536	0.9738562091503268
537	0.9934640522875817
538	0.9934640522875817
539	0.9771241830065359
540	0.9836601307189542
541	0.9901960784313726
542	0.9901960784313726
543	0.9869281045751634
544	0.9869281045751634
545	0.9901960784313726
546	0.9934640522875817
547	0.9934640522875817
548	0.9771241830065359
549	0.9869281045751634
550	0.9869281045751634
551	0.9967320261437909
552	0.9934640522875817
553	0.9803921568627451
554	0.9836601307189542
555	0.9901960784313726
556	0.9967320261437909
557	0.9901960784313726
558	0.9901960784313726
559	1.0
560	0.9967320261437909
561	0.9901960784313726
562	0.9901960784313726
563	0.9869281045751634
564	0.9869281045751634
565	0.9705882352941176
566	0.9836601307189542
567	0.9934640522875817
568	0.9934640522875817
569	0.9901960784313726
570	0.9869281045751634
571	0.9836601307189542
572	0.9934640522875817
573	0.9803921568627451
574	0.9869281045751634
575	0.9803921568627451
576	0.9934640522875817
577	0.9836601307189542
578	0.9869281045751634
579	0.9934640522875817
580	1.0
581	1.0
582	0.9803921568627451
583	0.9934640522875817
584	0.9967320261437909
585	1.0
586	0.9967320261437909
587	0.9901960784313726
588	0.9901960784313726
589	0.9934640522875817
590	0.9901960784313726
591	0.9901960784313726
592	0.9934640522875817
593	0.9901960784313726
594	0.9836601307189542
595	0.9869281045751634
596	0.9934640522875817
597	0.9803921568627451
598	0.9771241830065359
599	0.9836601307189542
600	0.9869281045751634
601	0.9771241830065359
602	0.9934640522875817
603	0.9934640522875817
604	0.9934640522875817
605	0.9771241830065359
606	0.9869281045751634
607	0.9934640522875817
608	0.9771241830065359
609	0.9803921568627451
610	0.9869281045751634
611	0.9934640522875817
612	0.9967320261437909
613	0.9901960784313726
614	0.9967320261437909
615	0.9934640522875817
616	0.9934640522875817
617	0.9934640522875817
618	1.0
619	0.9869281045751634
620	0.9934640522875817
621	0.9869281045751634
622	0.9934640522875817
623	0.9869281045751634
624	0.9738562091503268
625	0.9836601307189542
626	0.9869281045751634
627	0.9869281045751634
628	0.9869281045751634
629	0.9836601307189542
630	0.9803921568627451
631	0.9934640522875817
632	0.9934640522875817
633	0.9869281045751634
634	0.9869281045751634
635	0.9869281045751634
636	0.9934640522875817
637	0.9967320261437909
638	0.9901960784313726
639	0.9803921568627451
640	0.9869281045751634
641	0.9738562091503268
642	0.9967320261437909
643	1.0
644	0.9934640522875817
645	0.9803921568627451
646	0.9901960784313726
647	0.9803921568627451
648	0.9934640522875817
649	0.9901960784313726
650	0.9901960784313726
651	0.9934640522875817
652	0.9869281045751634
653	0.9836601307189542
654	0.9869281045751634
655	0.9869281045751634
656	0.9934640522875817
657	0.9934640522875817
658	0.9967320261437909
659	0.9901960784313726
660	0.9836601307189542
661	0.9869281045751634
662	0.9934640522875817
663	0.9901960784313726
664	0.9869281045751634
665	0.9934640522875817
666	0.9934640522875817
667	0.9836601307189542
668	0.9836601307189542
669	0.9869281045751634
670	0.9901960784313726
671	0.9901960784313726
672	0.9934640522875817
673	0.9901960784313726
674	0.9901960784313726
675	0.9803921568627451
676	0.9934640522875817
677	0.9869281045751634
678	0.9967320261437909
679	0.9803921568627451
680	0.9967320261437909
681	0.9967320261437909
682	0.9934640522875817
683	0.9967320261437909
684	0.9869281045751634
685	0.9836601307189542
686	0.9901960784313726
687	0.9869281045751634
688	0.9869281045751634
689	0.9934640522875817
690	0.9901960784313726
691	0.9901960784313726
692	0.9967320261437909
693	0.9901960784313726
694	0.9836601307189542
695	0.9869281045751634
696	0.9869281045751634
697	0.9934640522875817
698	0.9934640522875817
699	0.9934640522875817
700	0.9901960784313726
701	0.9901960784313726
702	0.9869281045751634
703	0.9738562091503268
704	0.9836601307189542
705	0.9901960784313726
706	0.9934640522875817
707	0.9869281045751634
708	0.9934640522875817
709	0.9901960784313726
710	0.9901960784313726
711	0.9836601307189542
712	1.0
713	0.9901960784313726
714	0.9803921568627451
715	0.9869281045751634
716	0.9901960784313726
717	0.9869281045751634
718	0.9934640522875817
719	0.9771241830065359
720	0.9901960784313726
721	0.9901960784313726
722	0.9869281045751634
723	0.9901960784313726
724	0.9771241830065359
725	0.9967320261437909
726	0.9869281045751634
727	0.9934640522875817
728	0.9934640522875817
729	0.9869281045751634
730	0.9901960784313726
731	0.9934640522875817
732	0.9934640522875817
733	0.9934640522875817
734	0.9934640522875817
735	0.9901960784313726
736	0.9901960784313726
737	0.9934640522875817
738	0.9803921568627451
739	0.9934640522875817
740	0.9934640522875817
741	0.9967320261437909
742	0.9901960784313726
743	0.9934640522875817
744	0.9934640522875817
745	0.9803921568627451
746	0.9771241830065359
747	0.9803921568627451
748	0.9869281045751634
749	0.9869281045751634
750	0.9836601307189542
751	0.9869281045751634
752	0.9967320261437909
753	0.9869281045751634
754	0.9836601307189542
755	0.9901960784313726
756	0.9901960784313726
757	0.9901960784313726
758	0.9967320261437909
759	0.9869281045751634
760	0.9934640522875817
761	0.9934640522875817
762	0.9869281045751634
763	0.9901960784313726
764	0.9836601307189542
765	0.9771241830065359
766	1.0
767	0.9934640522875817
768	0.9967320261437909
769	0.9967320261437909
770	0.9901960784313726
771	0.9869281045751634
772	0.9934640522875817
773	0.9771241830065359
774	0.9901960784313726
775	0.9869281045751634
776	0.9967320261437909
777	0.9869281045751634
778	0.9934640522875817
779	0.9967320261437909
780	0.9934640522875817
781	0.9901960784313726
782	0.9836601307189542
783	0.9901960784313726
784	0.9901960784313726
785	0.9705882352941176
786	0.9901960784313726
787	0.9869281045751634
788	0.9836601307189542
789	1.0
790	0.9967320261437909
791	0.9901960784313726
792	0.9967320261437909
793	1.0
794	0.9934640522875817
795	0.9901960784313726
796	0.9901960784313726
797	1.0
798	0.9934640522875817
799	0.9934640522875817
800	0.9967320261437909
801	0.9901960784313726
802	0.9869281045751634
803	0.9901960784313726
804	0.9967320261437909
805	1.0
806	1.0
807	0.9901960784313726
808	0.9934640522875817
809	0.9934640522875817
810	0.9934640522875817
811	0.9934640522875817
812	0.9967320261437909
813	0.9901960784313726
814	0.9803921568627451
815	0.9934640522875817
816	1.0
817	0.9967320261437909
818	0.9934640522875817
819	0.9967320261437909
820	0.9901960784313726
821	0.9803921568627451
822	0.9934640522875817
823	1.0
824	0.9934640522875817
825	0.9803921568627451
826	0.9901960784313726
827	0.9803921568627451
828	0.9934640522875817
829	0.9934640522875817
830	0.9869281045751634
831	0.9934640522875817
832	0.9934640522875817
833	0.9901960784313726
834	0.9836601307189542
835	0.9869281045751634
836	0.9967320261437909
837	1.0
838	0.9967320261437909
839	0.9967320261437909
840	0.9901960784313726
841	0.9967320261437909
842	0.9869281045751634
843	1.0
844	0.9967320261437909
845	0.9901960784313726
846	0.9869281045751634
847	0.9967320261437909
848	0.9934640522875817
849	1.0
850	0.9967320261437909
851	0.9967320261437909
852	0.9901960784313726
853	0.9934640522875817
854	0.9967320261437909
855	0.9901960784313726
856	0.9901960784313726
857	0.9967320261437909
858	1.0
859	0.9934640522875817
860	0.9934640522875817
861	0.9901960784313726
862	0.9967320261437909
863	0.9836601307189542
864	0.9967320261437909
865	0.9934640522875817
866	0.9934640522875817
867	0.9934640522875817
868	0.9967320261437909
869	0.9901960784313726
870	0.9901960784313726
871	0.9869281045751634
872	0.9967320261437909
873	0.9967320261437909
874	0.9934640522875817
875	0.9934640522875817
876	0.9967320261437909
877	1.0
878	1.0
879	0.9934640522875817
880	0.9901960784313726
881	0.9967320261437909
882	0.9869281045751634
883	0.9901960784313726
884	0.9901960784313726
885	0.9771241830065359
886	0.9836601307189542
887	0.9901960784313726
888	0.9967320261437909
889	0.9967320261437909
890	0.9967320261437909
891	0.9967320261437909
892	1.0
893	1.0
894	0.9934640522875817
895	0.9934640522875817
896	0.9934640522875817
897	0.9869281045751634
898	0.9934640522875817
899	0.9967320261437909
900	0.9967320261437909
901	0.9967320261437909
902	0.9934640522875817
903	1.0
904	0.9967320261437909
905	0.9901960784313726
906	0.9967320261437909
907	0.9967320261437909
908	0.9967320261437909
909	1.0
910	1.0
911	0.9967320261437909
912	1.0
913	1.0
914	1.0
915	1.0
916	0.9967320261437909
917	0.9934640522875817
918	1.0
919	1.0
920	0.9967320261437909
921	0.9967320261437909
922	0.9934640522875817
923	0.9967320261437909
924	0.9967320261437909
925	0.9967320261437909
926	1.0
927	1.0
928	0.9967320261437909
929	0.9934640522875817
930	0.9967320261437909
931	0.9967320261437909
932	0.9934640522875817
933	0.9934640522875817
934	0.9934640522875817
935	0.9967320261437909
936	0.9901960784313726
937	0.9934640522875817
938	1.0
939	0.9901960784313726
940	0.9967320261437909
941	0.9967320261437909
942	0.9967320261437909
943	0.9901960784313726
944	0.9901960784313726
945	0.9967320261437909
946	0.9934640522875817
947	0.9967320261437909
948	0.9901960784313726
949	0.9901960784313726
950	0.9901960784313726
951	0.9967320261437909
952	0.9967320261437909
953	0.9934640522875817
954	0.9869281045751634
955	0.9967320261437909
956	1.0
957	0.9869281045751634
958	0.9934640522875817
959	0.9901960784313726
960	0.9967320261437909
961	0.9967320261437909
962	1.0
963	1.0
964	1.0
965	1.0
966	0.9967320261437909
967	0.9901960784313726
968	0.9967320261437909
969	1.0
970	0.9934640522875817
971	1.0
972	1.0
973	1.0
974	1.0
975	1.0
976	1.0
977	1.0
978	1.0
979	0.9967320261437909
980	1.0
981	1.0
982	0.9967320261437909
983	1.0
984	0.9934640522875817
985	0.9967320261437909
986	0.9967320261437909
987	0.9967320261437909
988	1.0
989	0.9967320261437909
990	1.0
991	1.0
992	1.0
993	0.9967320261437909
994	0.9934640522875817
995	1.0
996	0.9967320261437909
997	0.9967320261437909
998	1.0
999	0.9934640522875817
1000	1.0
