1	0.09090909090909091
2	0.14935064935064934
3	0.14935064935064934
4	0.17532467532467533
5	0.2532467532467532
6	0.2532467532467532
7	0.2792207792207792
8	0.33116883116883117
9	0.3961038961038961
10	0.38311688311688313
11	0.43506493506493504
12	0.461038961038961
13	0.474025974025974
14	0.5324675324675324
15	0.5454545454545454
16	0.5324675324675324
17	0.538961038961039
18	0.551948051948052
19	0.5714285714285714
20	0.5194805194805194
21	0.551948051948052
22	0.577922077922078
23	0.5844155844155844
24	0.6038961038961039
25	0.5909090909090909
26	0.564935064935065
27	0.6233766233766234
28	0.5584415584415584
29	0.5844155844155844
30	0.5974025974025974
31	0.5454545454545454
32	0.5909090909090909
33	0.577922077922078
34	0.6298701298701299
35	0.6623376623376623
36	0.6558441558441559
37	0.6428571428571429
38	0.6298701298701299
39	0.6428571428571429
40	0.5909090909090909
41	0.6233766233766234
42	0.6233766233766234
43	0.6883116883116883
44	0.6168831168831169
45	0.6818181818181818
46	0.6623376623376623
47	0.7012987012987013
48	0.6558441558441559
49	0.6623376623376623
50	0.6883116883116883
51	0.6818181818181818
52	0.6753246753246753
53	0.6688311688311688
54	0.7207792207792207
55	0.7597402597402597
56	0.7337662337662337
57	0.7467532467532467
58	0.7597402597402597
59	0.7077922077922078
60	0.7272727272727273
61	0.7402597402597403
62	0.7532467532467533
63	0.7727272727272727
64	0.7727272727272727
65	0.7857142857142857
66	0.8181818181818182
67	0.7402597402597403
68	0.7597402597402597
69	0.7727272727272727
70	0.7142857142857143
71	0.7077922077922078
72	0.7467532467532467
73	0.7142857142857143
74	0.7792207792207793
75	0.7987012987012987
76	0.7727272727272727
77	0.7727272727272727
78	0.8441558441558441
79	0.8311688311688312
80	0.7792207792207793
81	0.8311688311688312
82	0.7727272727272727
83	0.8571428571428571
84	0.8051948051948052
85	0.7987012987012987
86	0.8246753246753247
87	0.8246753246753247
88	0.8441558441558441
89	0.8376623376623377
90	0.8441558441558441
91	0.8246753246753247
92	0.8441558441558441
93	0.8116883116883117
94	0.8961038961038961
95	0.8766233766233766
96	0.8181818181818182
97	0.8376623376623377
98	0.8246753246753247
99	0.8506493506493507
100	0.8571428571428571
101	0.8506493506493507
102	0.8441558441558441
103	0.8701298701298701
104	0.7792207792207793
105	0.8571428571428571
106	0.8311688311688312
107	0.8701298701298701
108	0.8311688311688312
109	0.8246753246753247
110	0.8831168831168831
111	0.8701298701298701
112	0.8701298701298701
113	0.8961038961038961
114	0.8766233766233766
115	0.8896103896103896
116	0.8571428571428571
117	0.8441558441558441
118	0.8636363636363636
119	0.8246753246753247
120	0.8636363636363636
121	0.8766233766233766
122	0.8831168831168831
123	0.8636363636363636
124	0.8701298701298701
125	0.8636363636363636
126	0.8506493506493507
127	0.8311688311688312
128	0.8571428571428571
129	0.8831168831168831
130	0.8961038961038961
131	0.8701298701298701
132	0.8701298701298701
133	0.8571428571428571
134	0.9025974025974026
135	0.8701298701298701
136	0.9025974025974026
137	0.8636363636363636
138	0.8636363636363636
139	0.8246753246753247
140	0.9025974025974026
141	0.8896103896103896
142	0.9155844155844156
143	0.9155844155844156
144	0.9025974025974026
145	0.8961038961038961
146	0.8961038961038961
147	0.8896103896103896
148	0.8961038961038961
149	0.8831168831168831
150	0.8896103896103896
151	0.935064935064935
152	0.948051948051948
153	0.8766233766233766
154	0.8961038961038961
155	0.9090909090909091
156	0.8961038961038961
157	0.9025974025974026
158	0.948051948051948
159	0.8766233766233766
160	0.8311688311688312
161	0.8506493506493507
162	0.8766233766233766
163	0.8766233766233766
164	0.8571428571428571
165	0.9025974025974026
166	0.9025974025974026
167	0.922077922077922
168	0.9090909090909091
169	0.8766233766233766
170	0.8831168831168831
171	0.8961038961038961
172	0.8636363636363636
173	0.9025974025974026
174	0.8961038961038961
175	0.9155844155844156
176	0.9415584415584416
177	0.9155844155844156
178	0.9155844155844156
179	0.9090909090909091
180	0.9090909090909091
181	0.8961038961038961
182	0.9285714285714286
183	0.9025974025974026
184	0.8896103896103896
185	0.8831168831168831
186	0.8571428571428571
187	0.8961038961038961
188	0.8896103896103896
189	0.9285714285714286
190	0.922077922077922
191	0.8701298701298701
192	0.935064935064935
193	0.9090909090909091
194	0.948051948051948
195	0.9285714285714286
196	0.9155844155844156
197	0.935064935064935
198	0.9415584415584416
199	0.935064935064935
200	0.9415584415584416
201	0.935064935064935
202	0.9545454545454546
203	0.948051948051948
204	0.9415584415584416
205	0.9415584415584416
206	0.9285714285714286
207	0.948051948051948
208	0.8831168831168831
209	0.948051948051948
210	0.922077922077922
211	0.922077922077922
212	0.935064935064935
213	0.922077922077922
214	0.9090909090909091
215	0.9090909090909091
216	0.948051948051948
217	0.922077922077922
218	0.9285714285714286
219	0.9675324675324676
220	0.9155844155844156
221	0.948051948051948
222	0.961038961038961
223	0.948051948051948
224	0.9545454545454546
225	0.9545454545454546
226	0.9155844155844156
227	0.935064935064935
228	0.9415584415584416
229	0.9415584415584416
230	0.9025974025974026
231	0.9285714285714286
232	0.9285714285714286
233	0.922077922077922
234	0.9545454545454546
235	0.9025974025974026
236	0.9285714285714286
237	0.9415584415584416
238	0.948051948051948
239	0.935064935064935
240	0.9415584415584416
241	0.948051948051948
242	0.948051948051948
243	0.9545454545454546
244	0.9415584415584416
245	0.948051948051948
246	0.9415584415584416
247	0.961038961038961
248	0.9675324675324676
249	0.9285714285714286
250	0.9415584415584416
251	0.935064935064935
252	0.935064935064935
253	0.9415584415584416
254	0.9675324675324676
255	0.9285714285714286
256	0.9155844155844156
257	0.9155844155844156
258	0.935064935064935
259	0.9155844155844156
260	0.9675324675324676
261	0.935064935064935
262	0.948051948051948
263	0.974025974025974
264	0.961038961038961
265	0.9675324675324676
266	0.961038961038961
267	0.9675324675324676
268	0.974025974025974
269	0.9285714285714286
270	0.9675324675324676
271	0.9545454545454546
272	0.974025974025974
273	0.9415584415584416
274	0.961038961038961
275	0.961038961038961
276	0.961038961038961
277	0.987012987012987
278	0.9545454545454546
279	0.9415584415584416
280	0.961038961038961
281	0.974025974025974
282	0.935064935064935
283	0.9805194805194806
284	0.974025974025974
285	0.9090909090909091
286	0.9415584415584416
287	0.9415584415584416
288	0.9415584415584416
289	0.9285714285714286
290	0.9415584415584416
291	0.948051948051948
292	0.9285714285714286
293	0.935064935064935
294	0.961038961038961
295	0.948051948051948
296	0.961038961038961
297	0.9545454545454546
298	0.9675324675324676
299	0.9675324675324676
300	0.948051948051948
301	0.961038961038961
302	0.9025974025974026
303	0.9415584415584416
304	0.935064935064935
305	0.935064935064935
306	0.948051948051948
307	0.948051948051948
308	0.9415584415584416
309	0.9415584415584416
310	0.961038961038961
311	0.948051948051948
312	0.9545454545454546
313	0.948051948051948
314	0.974025974025974
315	0.948051948051948
316	0.974025974025974
317	0.9935064935064936
318	0.948051948051948
319	0.961038961038961
320	0.961038961038961
321	0.9545454545454546
322	0.9545454545454546
323	0.961038961038961
324	0.9675324675324676
325	0.9935064935064936
326	0.9935064935064936
327	0.9935064935064936
328	0.9935064935064936
329	0.9675324675324676
330	0.974025974025974
331	0.9545454545454546
332	0.974025974025974
333	0.961038961038961
334	0.9675324675324676
335	0.961038961038961
336	0.9545454545454546
337	0.9415584415584416
338	0.961038961038961
339	0.987012987012987
340	0.9805194805194806
341	0.961038961038961
342	0.974025974025974
343	0.948051948051948
344	0.961038961038961
345	0.961038961038961
346	0.974025974025974
347	0.974025974025974
348	0.9675324675324676
349	0.9675324675324676
350	0.9415584415584416
351	0.961038961038961
352	0.9285714285714286
353	0.974025974025974
354	0.9805194805194806
355	0.974025974025974
356	0.961038961038961
357	0.9545454545454546
358	0.974025974025974
359	0.9805194805194806
360	0.9935064935064936
361	0.9805194805194806
362	0.9545454545454546
363	0.9675324675324676
364	0.961038961038961
365	0.9805194805194806
366	0.9675324675324676
367	0.961038961038961
368	0.935064935064935
369	0.948051948051948
370	0.961038961038961
371	0.9545454545454546
372	0.961038961038961
373	0.948051948051948
374	0.9285714285714286
375	0.9415584415584416
376	0.9675324675324676
377	0.961038961038961
378	0.974025974025974
379	0.9675324675324676
380	0.974025974025974
381	0.974025974025974
382	0.974025974025974
383	0.961038961038961
384	0.9805194805194806
385	0.987012987012987
386	0.974025974025974
387	0.9675324675324676
388	0.9675324675324676
389	0.9805194805194806
390	0.987012987012987
391	0.9675324675324676
392	0.9805194805194806
393	0.9675324675324676
394	0.974025974025974
395	0.961038961038961
396	0.9545454545454546
397	0.974025974025974
398	0.9805194805194806
399	0.987012987012987
400	0.987012987012987
401	0.974025974025974
402	0.9805194805194806
403	0.987012987012987
404	1.0
405	0.9805194805194806
406	0.974025974025974
407	0.974025974025974
408	0.987012987012987
409	0.987012987012987
410	0.9805194805194806
411	1.0
412	0.9805194805194806
413	0.9805194805194806
414	0.987012987012987
415	0.9675324675324676
416	0.961038961038961
417	0.9805194805194806
418	0.987012987012987
419	0.9805194805194806
420	0.9805194805194806
421	0.961038961038961
422	0.9675324675324676
423	0.987012987012987
424	0.974025974025974
425	0.987012987012987
426	0.9805194805194806
427	0.987012987012987
428	0.987012987012987
429	1.0
430	0.9935064935064936
431	0.9935064935064936
432	0.974025974025974
433	0.9675324675324676
434	0.9805194805194806
435	0.9675324675324676
436	0.987012987012987
437	0.974025974025974
438	0.974025974025974
439	0.9805194805194806
440	0.974025974025974
441	0.974025974025974
442	0.974025974025974
443	0.9805194805194806
444	0.9935064935064936
445	0.9805194805194806
446	0.974025974025974
447	0.9805194805194806
448	0.974025974025974
449	0.987012987012987
450	0.9675324675324676
451	0.987012987012987
452	0.974025974025974
453	0.9805194805194806
454	0.961038961038961
455	0.974025974025974
456	0.9935064935064936
457	0.9805194805194806
458	0.9935064935064936
459	0.9805194805194806
460	0.9805194805194806
461	0.987012987012987
462	0.987012987012987
463	0.9805194805194806
464	0.9935064935064936
465	0.987012987012987
466	0.987012987012987
467	0.9935064935064936
468	0.9935064935064936
469	1.0
470	0.9805194805194806
471	0.987012987012987
472	1.0
473	0.9805194805194806
474	0.9935064935064936
475	0.987012987012987
476	0.974025974025974
477	0.987012987012987
478	0.987012987012987
479	0.9805194805194806
480	0.9805194805194806
481	0.9805194805194806
482	0.9805194805194806
483	0.9675324675324676
484	0.9805194805194806
485	0.987012987012987
486	0.9935064935064936
487	1.0
488	0.9935064935064936
489	0.9935064935064936
490	0.987012987012987
491	0.987012987012987
492	0.974025974025974
493	0.9805194805194806
494	0.9935064935064936
495	0.987012987012987
496	0.9805194805194806
497	0.987012987012987
498	1.0
499	0.987012987012987
500	1.0
501	0.987012987012987
502	0.987012987012987
503	0.9935064935064936
504	0.9935064935064936
505	0.9935064935064936
506	0.987012987012987
507	0.987012987012987
508	0.961038961038961
509	0.9675324675324676
510	0.9935064935064936
511	0.974025974025974
512	0.9805194805194806
513	0.9675324675324676
514	0.987012987012987
515	0.9935064935064936
516	0.9415584415584416
517	0.987012987012987
518	0.987012987012987
519	0.987012987012987
520	0.961038961038961
521	0.987012987012987
522	0.9805194805194806
523	0.9805194805194806
524	0.9805194805194806
525	0.9805194805194806
526	0.974025974025974
527	0.974025974025974
528	0.9935064935064936
529	0.9935064935064936
530	0.974025974025974
531	0.9675324675324676
532	0.987012987012987
533	0.9935064935064936
534	0.987012987012987
535	1.0
536	0.9935064935064936
537	0.987012987012987
538	0.9935064935064936
539	0.961038961038961
540	0.974025974025974
541	0.9805194805194806
542	0.9805194805194806
543	0.9805194805194806
544	0.9935064935064936
545	0.9935064935064936
546	0.9935064935064936
547	1.0
548	0.9935064935064936
549	0.9805194805194806
550	1.0
551	0.9935064935064936
552	0.987012987012987
553	0.9805194805194806
554	0.974025974025974
555	0.9805194805194806
556	0.987012987012987
557	0.9935064935064936
558	0.987012987012987
559	0.9935064935064936
560	1.0
561	0.974025974025974
562	0.9935064935064936
563	0.9805194805194806
564	0.987012987012987
565	0.987012987012987
566	0.974025974025974
567	0.9935064935064936
568	0.9935064935064936
569	0.974025974025974
570	0.974025974025974
571	0.9935064935064936
572	0.9935064935064936
573	0.9805194805194806
574	0.974025974025974
575	0.9805194805194806
576	0.9935064935064936
577	0.9805194805194806
578	0.9805194805194806
579	0.9935064935064936
580	0.9935064935064936
581	0.987012987012987
582	0.9805194805194806
583	0.987012987012987
584	0.9935064935064936
585	0.987012987012987
586	0.9805194805194806
587	1.0
588	0.974025974025974
589	0.9935064935064936
590	0.974025974025974
591	0.9805194805194806
592	0.987012987012987
593	0.987012987012987
594	0.9805194805194806
595	0.987012987012987
596	0.974025974025974
597	0.987012987012987
598	0.9805194805194806
599	0.9935064935064936
600	0.987012987012987
601	0.987012987012987
602	0.987012987012987
603	0.987012987012987
604	0.987012987012987
605	0.987012987012987
606	0.987012987012987
607	0.9935064935064936
608	0.987012987012987
609	0.9805194805194806
610	0.9805194805194806
611	0.9935064935064936
612	0.987012987012987
613	0.987012987012987
614	0.9935064935064936
615	0.9935064935064936
616	0.9935064935064936
617	0.974025974025974
618	0.987012987012987
619	0.9805194805194806
620	0.9935064935064936
621	0.987012987012987
622	0.9935064935064936
623	0.9935064935064936
624	0.9805194805194806
625	1.0
626	0.987012987012987
627	0.9935064935064936
628	1.0
629	0.987012987012987
630	0.9805194805194806
631	0.987012987012987
632	0.9935064935064936
633	0.9935064935064936
634	0.974025974025974
635	0.9675324675324676
636	1.0
637	0.9805194805194806
638	0.987012987012987
639	0.9805194805194806
640	0.9805194805194806
641	0.987012987012987
642	0.987012987012987
643	0.987012987012987
644	0.9805194805194806
645	0.9805194805194806
646	0.974025974025974
647	0.987012987012987
648	0.9805194805194806
649	0.974025974025974
650	0.9805194805194806
651	0.987012987012987
652	0.987012987012987
653	1.0
654	0.9935064935064936
655	0.974025974025974
656	0.9675324675324676
657	1.0
658	0.987012987012987
659	0.9935064935064936
660	0.9935064935064936
661	0.9935064935064936
662	1.0
663	0.9935064935064936
664	0.9935064935064936
665	1.0
666	0.9935064935064936
667	0.987012987012987
668	1.0
669	0.9935064935064936
670	0.987012987012987
671	0.987012987012987
672	0.9935064935064936
673	0.987012987012987
674	1.0
675	0.9935064935064936
676	0.9805194805194806
677	0.974025974025974
678	0.9935064935064936
679	0.987012987012987
680	0.9675324675324676
681	0.9805194805194806
682	0.987012987012987
683	0.9805194805194806
684	0.987012987012987
685	0.9935064935064936
686	0.9935064935064936
687	0.9805194805194806
688	0.9935064935064936
689	0.987012987012987
690	1.0
691	0.9935064935064936
692	0.9935064935064936
693	0.9805194805194806
694	0.9935064935064936
695	0.9935064935064936
696	1.0
697	1.0
698	0.974025974025974
699	0.974025974025974
700	1.0
701	1.0
702	0.9935064935064936
703	1.0
704	0.9935064935064936
705	0.9935064935064936
706	1.0
707	0.987012987012987
708	1.0
709	0.9805194805194806
710	0.987012987012987
711	0.987012987012987
712	1.0
713	0.9805194805194806
714	0.9935064935064936
715	0.9935064935064936
716	0.9935064935064936
717	0.987012987012987
718	0.974025974025974
719	0.987012987012987
720	0.9935064935064936
721	0.9805194805194806
722	0.987012987012987
723	0.9935064935064936
724	1.0
725	0.9935064935064936
726	1.0
727	0.9935064935064936
728	0.9935064935064936
729	1.0
730	0.9805194805194806
731	0.987012987012987
732	0.9935064935064936
733	0.9935064935064936
734	0.9935064935064936
735	0.987012987012987
736	0.9935064935064936
737	0.987012987012987
738	1.0
739	0.9935064935064936
740	1.0
741	1.0
742	1.0
743	1.0
744	1.0
745	0.9935064935064936
746	1.0
747	0.9935064935064936
748	1.0
749	0.9935064935064936
750	0.9935064935064936
751	0.987012987012987
752	0.9935064935064936
753	0.9935064935064936
754	0.9935064935064936
755	1.0
756	0.9935064935064936
757	0.9935064935064936
758	0.9935064935064936
759	0.987012987012987
760	0.987012987012987
761	0.9805194805194806
762	0.987012987012987
763	1.0
764	0.9935064935064936
765	0.9935064935064936
766	1.0
767	1.0
768	0.9935064935064936
769	1.0
770	0.9935064935064936
771	1.0
772	0.9805194805194806
773	0.9935064935064936
774	0.974025974025974
775	0.9935064935064936
776	1.0
777	0.9935064935064936
778	1.0
779	0.9805194805194806
780	0.9935064935064936
781	1.0
782	0.9935064935064936
783	0.9935064935064936
784	0.9935064935064936
785	1.0
786	0.9935064935064936
787	0.9935064935064936
788	1.0
789	0.987012987012987
790	0.987012987012987
791	0.987012987012987
792	0.987012987012987
793	0.9805194805194806
794	0.987012987012987
795	1.0
796	1.0
797	0.9935064935064936
798	0.9935064935064936
799	0.9935064935064936
800	0.987012987012987
801	0.9935064935064936
802	0.9935064935064936
803	0.9935064935064936
804	0.987012987012987
805	0.9935064935064936
806	1.0
807	0.9935064935064936
808	0.987012987012987
809	0.9935064935064936
810	0.9935064935064936
811	0.987012987012987
812	1.0
813	1.0
814	0.9935064935064936
815	1.0
816	0.987012987012987
817	1.0
818	0.9935064935064936
819	0.9935064935064936
820	0.9935064935064936
821	0.987012987012987
822	0.9935064935064936
823	1.0
824	1.0
825	1.0
826	0.9805194805194806
827	1.0
828	0.987012987012987
829	1.0
830	0.9935064935064936
831	0.987012987012987
832	0.9935064935064936
833	1.0
834	1.0
835	0.9935064935064936
836	0.9935064935064936
837	1.0
838	0.9935064935064936
839	0.9805194805194806
840	0.9935064935064936
841	0.9935064935064936
842	0.9935064935064936
843	1.0
844	0.9935064935064936
845	0.9935064935064936
846	1.0
847	1.0
848	1.0
849	0.9935064935064936
850	1.0
851	1.0
852	0.987012987012987
853	0.9935064935064936
854	1.0
855	0.987012987012987
856	0.9935064935064936
857	0.9935064935064936
858	1.0
859	1.0
860	0.9935064935064936
861	1.0
862	1.0
863	0.9935064935064936
864	0.9935064935064936
865	0.9935064935064936
866	1.0
867	1.0
868	0.9935064935064936
869	1.0
870	1.0
871	0.9935064935064936
872	1.0
873	0.9935064935064936
874	1.0
875	1.0
876	1.0
877	1.0
878	1.0
879	0.9935064935064936
880	1.0
881	0.9935064935064936
882	1.0
883	1.0
884	1.0
885	1.0
886	1.0
887	1.0
888	1.0
889	1.0
890	1.0
891	1.0
892	0.987012987012987
893	0.9935064935064936
894	0.9935064935064936
895	1.0
896	1.0
897	1.0
898	1.0
899	1.0
900	0.9935064935064936
901	1.0
902	0.9935064935064936
903	1.0
904	1.0
905	1.0
906	1.0
907	1.0
908	1.0
909	1.0
910	1.0
911	1.0
912	0.987012987012987
913	0.9935064935064936
914	0.987012987012987
915	1.0
916	0.9805194805194806
917	1.0
918	1.0
919	1.0
920	0.9935064935064936
921	0.9935064935064936
922	1.0
923	1.0
924	1.0
925	0.9935064935064936
926	0.9935064935064936
927	1.0
928	1.0
929	1.0
930	0.9805194805194806
931	1.0
932	1.0
933	1.0
934	0.9935064935064936
935	1.0
936	1.0
937	0.9935064935064936
938	0.9935064935064936
939	0.987012987012987
940	0.9935064935064936
941	1.0
942	1.0
943	1.0
944	1.0
945	1.0
946	0.987012987012987
947	1.0
948	1.0
949	0.987012987012987
950	0.987012987012987
951	1.0
952	1.0
953	1.0
954	1.0
955	1.0
956	0.9935064935064936
957	1.0
958	1.0
959	0.9935064935064936
960	1.0
961	1.0
962	1.0
963	1.0
964	1.0
965	0.9935064935064936
966	0.987012987012987
967	0.9935064935064936
968	1.0
969	1.0
970	1.0
971	0.9935064935064936
972	1.0
973	1.0
974	1.0
975	1.0
976	1.0
977	0.9935064935064936
978	1.0
979	1.0
980	0.9935064935064936
981	1.0
982	1.0
983	1.0
984	1.0
985	0.9935064935064936
986	0.9935064935064936
987	1.0
988	0.9935064935064936
989	0.9935064935064936
990	1.0
991	1.0
992	1.0
993	1.0
994	1.0
995	1.0
996	1.0
997	1.0
998	1.0
999	1.0
1000	1.0
