1	0.03934426229508197
2	0.07868852459016394
3	0.10819672131147541
4	0.14754098360655737
5	0.18032786885245902
6	0.22950819672131148
7	0.25245901639344265
8	0.24262295081967214
9	0.2360655737704918
10	0.28852459016393445
11	0.32131147540983607
12	0.3475409836065574
13	0.3180327868852459
14	0.32786885245901637
15	0.32459016393442625
16	0.3114754098360656
17	0.32786885245901637
18	0.36065573770491804
19	0.34098360655737703
20	0.3540983606557377
21	0.3737704918032787
22	0.35081967213114756
23	0.36065573770491804
24	0.3475409836065574
25	0.33114754098360655
26	0.3344262295081967
27	0.3344262295081967
28	0.3704918032786885
29	0.38688524590163936
30	0.39344262295081966
31	0.4459016393442623
32	0.42950819672131146
33	0.42950819672131146
34	0.419672131147541
35	0.40327868852459015
36	0.4491803278688525
37	0.4721311475409836
38	0.43278688524590164
39	0.5049180327868853
40	0.5049180327868853
41	0.5311475409836065
42	0.5147540983606558
43	0.5442622950819672
44	0.5508196721311476
45	0.5967213114754099
46	0.5868852459016394
47	0.6163934426229508
48	0.6426229508196721
49	0.6163934426229508
50	0.639344262295082
51	0.6360655737704918
52	0.6754098360655738
53	0.7016393442622951
54	0.7114754098360656
55	0.6786885245901639
56	0.7245901639344262
57	0.7213114754098361
58	0.7147540983606557
59	0.6852459016393443
60	0.6819672131147541
61	0.7311475409836066
62	0.7081967213114754
63	0.7245901639344262
64	0.6885245901639344
65	0.7213114754098361
66	0.7213114754098361
67	0.740983606557377
68	0.7836065573770492
69	0.7770491803278688
70	0.7704918032786885
71	0.7836065573770492
72	0.7573770491803279
73	0.7737704918032787
74	0.7836065573770492
75	0.7770491803278688
76	0.780327868852459
77	0.780327868852459
78	0.7967213114754098
79	0.8065573770491803
80	0.7967213114754098
81	0.780327868852459
82	0.8163934426229508
83	0.8131147540983606
84	0.8262295081967214
85	0.8131147540983606
86	0.8524590163934426
87	0.8327868852459016
88	0.8295081967213115
89	0.8524590163934426
90	0.8262295081967214
91	0.8557377049180328
92	0.8327868852459016
93	0.8524590163934426
94	0.8557377049180328
95	0.8459016393442623
96	0.8721311475409836
97	0.839344262295082
98	0.8622950819672132
99	0.8721311475409836
100	0.8524590163934426
101	0.8754098360655738
102	0.8524590163934426
103	0.8590163934426229
104	0.8557377049180328
105	0.8590163934426229
106	0.8754098360655738
107	0.8590163934426229
108	0.8721311475409836
109	0.898360655737705
110	0.898360655737705
111	0.8885245901639345
112	0.8950819672131147
113	0.8557377049180328
114	0.8918032786885246
115	0.8524590163934426
116	0.8885245901639345
117	0.8557377049180328
118	0.8950819672131147
119	0.8950819672131147
120	0.921311475409836
121	0.9180327868852459
122	0.8557377049180328
123	0.9147540983606557
124	0.8918032786885246
125	0.8819672131147541
126	0.9081967213114754
127	0.9114754098360656
128	0.8950819672131147
129	0.921311475409836
130	0.9114754098360656
131	0.9245901639344263
132	0.8950819672131147
133	0.9081967213114754
134	0.8918032786885246
135	0.8754098360655738
136	0.8754098360655738
137	0.9016393442622951
138	0.8950819672131147
139	0.9114754098360656
140	0.9147540983606557
141	0.9311475409836065
142	0.8918032786885246
143	0.9311475409836065
144	0.9278688524590164
145	0.9278688524590164
146	0.9475409836065574
147	0.9245901639344263
148	0.9114754098360656
149	0.9081967213114754
150	0.9245901639344263
151	0.9311475409836065
152	0.9114754098360656
153	0.9180327868852459
154	0.9278688524590164
155	0.9377049180327869
156	0.9180327868852459
157	0.8950819672131147
158	0.8885245901639345
159	0.8819672131147541
160	0.8918032786885246
161	0.9147540983606557
162	0.9147540983606557
163	0.9344262295081968
164	0.9639344262295082
165	0.9245901639344263
166	0.9442622950819672
167	0.9573770491803278
168	0.9508196721311475
169	0.9311475409836065
170	0.9442622950819672
171	0.9377049180327869
172	0.9606557377049181
173	0.9344262295081968
174	0.9311475409836065
175	0.9377049180327869
176	0.9180327868852459
177	0.9278688524590164
178	0.9475409836065574
179	0.9508196721311475
180	0.9147540983606557
181	0.940983606557377
182	0.9377049180327869
183	0.9508196721311475
184	0.9475409836065574
185	0.9278688524590164
186	0.9377049180327869
187	0.9377049180327869
188	0.9475409836065574
189	0.9311475409836065
190	0.9475409836065574
191	0.9508196721311475
192	0.9573770491803278
193	0.9442622950819672
194	0.9278688524590164
195	0.940983606557377
196	0.9377049180327869
197	0.9508196721311475
198	0.9606557377049181
199	0.9639344262295082
200	0.9639344262295082
201	0.9442622950819672
202	0.9606557377049181
203	0.9377049180327869
204	0.9508196721311475
205	0.9377049180327869
206	0.9508196721311475
207	0.9573770491803278
208	0.9606557377049181
209	0.9540983606557377
210	0.9508196721311475
211	0.9442622950819672
212	0.9606557377049181
213	0.9704918032786886
214	0.9704918032786886
215	0.9639344262295082
216	0.9540983606557377
217	0.9475409836065574
218	0.9377049180327869
219	0.9475409836065574
220	0.9672131147540983
221	0.9442622950819672
222	0.9508196721311475
223	0.9672131147540983
224	0.9540983606557377
225	0.9475409836065574
226	0.9573770491803278
227	0.9606557377049181
228	0.9606557377049181
229	0.9639344262295082
230	0.9639344262295082
231	0.9540983606557377
232	0.9508196721311475
233	0.9606557377049181
234	0.9573770491803278
235	0.9573770491803278
236	0.9540983606557377
237	0.9475409836065574
238	0.9639344262295082
239	0.9508196721311475
240	0.9344262295081968
241	0.9573770491803278
242	0.9770491803278688
243	0.9672131147540983
244	0.9639344262295082
245	0.9639344262295082
246	0.9836065573770492
247	0.9737704918032787
248	0.9704918032786886
249	0.9475409836065574
250	0.9573770491803278
251	0.9770491803278688
252	0.9639344262295082
253	0.9540983606557377
254	0.9573770491803278
255	0.9573770491803278
256	0.9704918032786886
257	0.9704918032786886
258	0.9639344262295082
259	0.9639344262295082
260	0.9573770491803278
261	0.9540983606557377
262	0.9540983606557377
263	0.9442622950819672
264	0.9540983606557377
265	0.9475409836065574
266	0.9475409836065574
267	0.9606557377049181
268	0.9540983606557377
269	0.940983606557377
270	0.9278688524590164
271	0.9344262295081968
272	0.940983606557377
273	0.9540983606557377
274	0.9704918032786886
275	0.9540983606557377
276	0.9639344262295082
277	0.9639344262295082
278	0.9606557377049181
279	0.9606557377049181
280	0.9606557377049181
281	0.9639344262295082
282	0.9639344262295082
283	0.9672131147540983
284	0.9442622950819672
285	0.9540983606557377
286	0.9737704918032787
287	0.9475409836065574
288	0.9672131147540983
289	0.9672131147540983
290	0.9540983606557377
291	0.9737704918032787
292	0.9704918032786886
293	0.9672131147540983
294	0.9540983606557377
295	0.9540983606557377
296	0.9442622950819672
297	0.9540983606557377
298	0.9639344262295082
299	0.9704918032786886
300	0.940983606557377
301	0.9311475409836065
302	0.9704918032786886
303	0.9639344262295082
304	0.9639344262295082
305	0.9639344262295082
306	0.9311475409836065
307	0.9508196721311475
308	0.9508196721311475
309	0.9573770491803278
310	0.9868852459016394
311	0.9770491803278688
312	0.9573770491803278
313	0.9704918032786886
314	0.9672131147540983
315	0.9508196721311475
316	0.9672131147540983
317	0.9737704918032787
318	0.9639344262295082
319	0.9639344262295082
320	0.9606557377049181
321	0.9672131147540983
322	0.9737704918032787
323	0.9606557377049181
324	0.9540983606557377
325	0.9540983606557377
326	0.9737704918032787
327	0.9704918032786886
328	0.9770491803278688
329	0.9770491803278688
330	0.9737704918032787
331	0.9639344262295082
332	0.9639344262295082
333	0.9770491803278688
334	0.9737704918032787
335	0.9672131147540983
336	0.9573770491803278
337	0.9704918032786886
338	0.9770491803278688
339	0.9737704918032787
340	0.9770491803278688
341	0.9836065573770492
342	0.980327868852459
343	0.9901639344262295
344	0.9934426229508196
345	0.9901639344262295
346	0.980327868852459
347	0.980327868852459
348	0.9737704918032787
349	0.9672131147540983
350	0.9737704918032787
351	0.9540983606557377
352	0.9770491803278688
353	0.9639344262295082
354	0.9639344262295082
355	0.980327868852459
356	0.9836065573770492
357	0.980327868852459
358	0.980327868852459
359	0.9868852459016394
360	0.9836065573770492
361	0.9868852459016394
362	0.9836065573770492
363	0.9868852459016394
364	0.9737704918032787
365	0.980327868852459
366	0.980327868852459
367	0.9836065573770492
368	0.980327868852459
369	0.9672131147540983
370	0.9737704918032787
371	0.9770491803278688
372	0.980327868852459
373	0.9737704918032787
374	0.9901639344262295
375	0.9836065573770492
376	0.9737704918032787
377	0.9868852459016394
378	0.980327868852459
379	0.9704918032786886
380	0.9737704918032787
381	0.9836065573770492
382	0.9868852459016394
383	0.9868852459016394
384	0.9868852459016394
385	0.9868852459016394
386	0.980327868852459
387	0.9868852459016394
388	0.9868852459016394
389	0.9901639344262295
390	0.980327868852459
391	0.980327868852459
392	0.9934426229508196
393	0.9868852459016394
394	0.9868852459016394
395	0.9901639344262295
396	0.9836065573770492
397	0.980327868852459
398	0.980327868852459
399	0.9770491803278688
400	0.9868852459016394
401	0.9901639344262295
402	0.9901639344262295
403	0.9967213114754099
404	0.9737704918032787
405	0.9737704918032787
406	0.9770491803278688
407	0.9737704918032787
408	0.9737704918032787
409	0.980327868852459
410	0.9901639344262295
411	0.9868852459016394
412	0.9901639344262295
413	0.980327868852459
414	0.9836065573770492
415	0.980327868852459
416	0.9737704918032787
417	0.980327868852459
418	0.9967213114754099
419	0.9901639344262295
420	0.9934426229508196
421	0.9934426229508196
422	0.9901639344262295
423	0.9868852459016394
424	0.9868852459016394
425	0.9901639344262295
426	0.9868852459016394
427	0.980327868852459
428	0.9934426229508196
429	0.9901639344262295
430	0.9770491803278688
431	0.9901639344262295
432	0.9868852459016394
433	0.9868852459016394
434	0.9836065573770492
435	0.9967213114754099
436	0.9901639344262295
437	0.9967213114754099
438	0.9868852459016394
439	0.9836065573770492
440	0.9836065573770492
441	0.9901639344262295
442	0.9934426229508196
443	0.9967213114754099
444	0.9967213114754099
445	0.9868852459016394
446	0.9868852459016394
447	1.0
448	0.9967213114754099
449	1.0
450	1.0
451	1.0
452	1.0
453	0.9934426229508196
454	0.9868852459016394
455	0.9934426229508196
456	0.9868852459016394
457	0.9868852459016394
458	0.9836065573770492
459	0.9967213114754099
460	0.9901639344262295
461	1.0
462	1.0
463	1.0
464	0.9967213114754099
465	0.9934426229508196
466	0.9901639344262295
467	0.9967213114754099
468	0.9934426229508196
469	0.9967213114754099
470	0.9967213114754099
471	0.9967213114754099
472	1.0
473	1.0
474	0.9967213114754099
475	0.9967213114754099
476	0.9901639344262295
477	0.9967213114754099
478	1.0
479	1.0
480	0.9967213114754099
481	0.9967213114754099
482	1.0
483	1.0
484	0.9967213114754099
485	1.0
486	1.0
487	0.9934426229508196
488	0.9934426229508196
489	1.0
490	0.9967213114754099
491	0.9967213114754099
492	1.0
493	1.0
494	1.0
495	1.0
496	1.0
497	1.0
498	1.0
499	0.9967213114754099
500	0.9934426229508196
501	0.9967213114754099
502	0.9967213114754099
503	0.9967213114754099
504	0.9967213114754099
505	0.9901639344262295
506	0.9934426229508196
507	0.9967213114754099
508	0.9934426229508196
509	0.9967213114754099
510	1.0
511	1.0
512	1.0
513	1.0
514	0.9967213114754099
515	1.0
516	1.0
517	1.0
518	1.0
519	0.9967213114754099
520	1.0
521	1.0
522	0.9967213114754099
523	0.9967213114754099
524	0.9967213114754099
525	1.0
526	0.9934426229508196
527	1.0
528	1.0
529	1.0
530	0.9901639344262295
531	0.9934426229508196
532	0.9967213114754099
533	0.9967213114754099
534	1.0
535	0.9967213114754099
536	0.9868852459016394
537	0.9934426229508196
538	0.9934426229508196
539	0.9967213114754099
540	0.9967213114754099
541	0.9967213114754099
542	0.9934426229508196
543	0.9967213114754099
544	0.9967213114754099
545	0.9967213114754099
546	1.0
547	1.0
548	1.0
549	1.0
550	1.0
551	1.0
552	1.0
553	1.0
554	0.9967213114754099
555	0.9967213114754099
556	1.0
557	1.0
558	1.0
559	1.0
560	1.0
561	1.0
562	1.0
563	1.0
564	1.0
565	1.0
566	1.0
567	1.0
568	1.0
569	1.0
570	1.0
571	1.0
572	1.0
573	1.0
574	1.0
575	1.0
576	1.0
577	1.0
578	1.0
579	1.0
580	1.0
581	1.0
582	1.0
583	1.0
584	1.0
585	1.0
586	1.0
587	1.0
588	1.0
589	0.9967213114754099
590	0.9967213114754099
591	1.0
592	1.0
593	1.0
594	1.0
595	0.9967213114754099
596	1.0
597	1.0
598	1.0
599	1.0
600	1.0
601	0.9967213114754099
602	1.0
603	1.0
604	0.9967213114754099
605	0.9967213114754099
606	0.9934426229508196
607	0.9967213114754099
608	0.9967213114754099
609	0.9934426229508196
610	1.0
611	1.0
612	0.9967213114754099
613	0.9967213114754099
614	1.0
615	1.0
616	1.0
617	1.0
618	1.0
619	1.0
620	1.0
621	1.0
622	1.0
623	1.0
624	1.0
625	1.0
626	1.0
627	1.0
628	1.0
629	1.0
630	1.0
631	1.0
632	1.0
633	1.0
634	0.9967213114754099
635	1.0
636	1.0
637	1.0
638	1.0
639	1.0
640	1.0
641	1.0
642	1.0
643	1.0
644	0.9967213114754099
645	0.9967213114754099
646	0.9967213114754099
647	0.9967213114754099
648	1.0
649	0.9967213114754099
650	0.9967213114754099
651	0.9934426229508196
652	1.0
653	0.9967213114754099
654	0.9967213114754099
655	0.9967213114754099
656	1.0
657	1.0
658	1.0
659	1.0
660	0.9967213114754099
661	1.0
662	0.9967213114754099
663	0.9967213114754099
664	1.0
665	0.9967213114754099
666	0.9967213114754099
667	0.9967213114754099
668	1.0
669	0.9967213114754099
670	1.0
671	1.0
672	1.0
673	1.0
674	0.9934426229508196
675	0.9967213114754099
676	0.9967213114754099
677	0.9967213114754099
678	1.0
679	0.9967213114754099
680	0.9967213114754099
681	0.9967213114754099
682	1.0
683	1.0
684	1.0
685	1.0
686	1.0
687	1.0
688	1.0
689	0.9967213114754099
690	0.9934426229508196
691	1.0
692	1.0
693	0.9967213114754099
694	0.9967213114754099
695	1.0
696	0.9967213114754099
697	0.9967213114754099
698	0.9967213114754099
699	0.9967213114754099
700	1.0
701	1.0
702	1.0
703	1.0
704	1.0
705	0.9934426229508196
706	0.9934426229508196
707	0.9901639344262295
708	0.9967213114754099
709	0.9967213114754099
710	0.9934426229508196
711	1.0
712	1.0
713	1.0
714	1.0
715	1.0
716	1.0
717	1.0
718	1.0
719	1.0
720	1.0
721	1.0
722	0.9967213114754099
723	1.0
724	1.0
725	0.9967213114754099
726	0.9967213114754099
727	0.9967213114754099
728	0.9967213114754099
729	0.9967213114754099
730	1.0
731	1.0
732	1.0
733	1.0
734	1.0
735	1.0
736	0.9967213114754099
737	1.0
738	1.0
739	0.9967213114754099
740	1.0
741	0.9967213114754099
742	1.0
743	1.0
744	1.0
745	1.0
746	1.0
747	0.9967213114754099
748	1.0
749	1.0
750	1.0
751	1.0
752	0.9967213114754099
753	0.9967213114754099
754	0.9967213114754099
755	0.9934426229508196
756	0.9934426229508196
757	0.9901639344262295
758	0.9967213114754099
759	0.9967213114754099
760	0.9967213114754099
761	1.0
762	1.0
763	1.0
764	1.0
765	1.0
766	0.9934426229508196
767	0.9967213114754099
768	0.9967213114754099
769	1.0
770	1.0
771	1.0
772	1.0
773	1.0
774	1.0
775	1.0
776	1.0
777	1.0
778	1.0
779	1.0
780	1.0
781	1.0
782	0.9967213114754099
783	0.9967213114754099
784	0.9967213114754099
785	0.9934426229508196
786	1.0
787	1.0
788	0.9967213114754099
789	1.0
790	1.0
791	1.0
792	1.0
793	1.0
794	1.0
795	0.9967213114754099
796	1.0
797	1.0
798	1.0
799	1.0
800	1.0
801	1.0
802	1.0
803	1.0
804	1.0
805	1.0
806	1.0
807	1.0
808	1.0
809	1.0
810	1.0
811	1.0
812	1.0
813	1.0
814	1.0
815	1.0
816	1.0
817	1.0
818	1.0
819	0.9967213114754099
820	1.0
821	1.0
822	1.0
823	1.0
824	1.0
825	1.0
826	1.0
827	0.9967213114754099
828	1.0
829	0.9967213114754099
830	1.0
831	1.0
832	1.0
833	1.0
834	1.0
835	1.0
836	0.9967213114754099
837	0.9967213114754099
838	1.0
839	1.0
840	1.0
841	0.9967213114754099
842	0.9967213114754099
843	0.9934426229508196
844	1.0
845	1.0
846	1.0
847	1.0
848	0.9901639344262295
849	1.0
850	1.0
851	1.0
852	1.0
853	1.0
854	1.0
855	1.0
856	1.0
857	0.9967213114754099
858	1.0
859	1.0
860	1.0
861	1.0
862	1.0
863	1.0
864	0.9967213114754099
865	0.9934426229508196
866	0.9934426229508196
867	0.9967213114754099
868	1.0
869	1.0
870	1.0
871	0.9967213114754099
872	0.9967213114754099
873	0.9967213114754099
874	0.9967213114754099
875	1.0
876	0.9967213114754099
877	1.0
878	1.0
879	1.0
880	0.9967213114754099
881	1.0
882	1.0
883	0.9967213114754099
884	1.0
885	1.0
886	0.9967213114754099
887	0.9967213114754099
888	0.9967213114754099
889	1.0
890	1.0
891	1.0
892	1.0
893	1.0
894	1.0
895	1.0
896	1.0
897	1.0
898	1.0
899	1.0
900	1.0
901	1.0
902	0.9967213114754099
903	1.0
904	1.0
905	1.0
906	1.0
907	1.0
908	1.0
909	0.9967213114754099
910	1.0
911	1.0
912	1.0
913	1.0
914	0.9934426229508196
915	0.9901639344262295
916	0.9934426229508196
917	0.9967213114754099
918	0.9967213114754099
919	0.9934426229508196
920	0.9901639344262295
921	0.9934426229508196
922	0.9934426229508196
923	0.9967213114754099
924	1.0
925	0.9967213114754099
926	0.9967213114754099
927	1.0
928	1.0
929	0.9967213114754099
930	0.9967213114754099
931	0.9967213114754099
932	1.0
933	1.0
934	1.0
935	1.0
936	0.9967213114754099
937	1.0
938	1.0
939	1.0
940	1.0
941	1.0
942	1.0
943	1.0
944	1.0
945	1.0
946	1.0
947	1.0
948	1.0
949	1.0
950	1.0
951	1.0
952	1.0
953	1.0
954	1.0
955	1.0
956	1.0
957	1.0
958	0.9967213114754099
959	0.9934426229508196
960	0.9967213114754099
961	0.9967213114754099
962	1.0
963	1.0
964	1.0
965	1.0
966	1.0
967	1.0
968	1.0
969	1.0
970	1.0
971	1.0
972	1.0
973	0.9967213114754099
974	0.9967213114754099
975	1.0
976	1.0
977	1.0
978	1.0
979	0.9967213114754099
980	0.9967213114754099
981	0.9967213114754099
982	0.9967213114754099
983	1.0
984	1.0
985	1.0
986	1.0
987	1.0
988	1.0
989	1.0
990	0.9967213114754099
991	0.9967213114754099
992	0.9967213114754099
993	1.0
994	1.0
995	1.0
996	1.0
997	1.0
998	1.0
999	1.0
1000	1.0
