1	0.08050847457627118
2	0.1027542372881356
3	0.13771186440677965
4	0.1684322033898305
5	0.2055084745762712
6	0.2510593220338983
7	0.2902542372881356
8	0.2838983050847458
9	0.3008474576271186
10	0.3103813559322034
11	0.3082627118644068
12	0.3432203389830508
13	0.3527542372881356
14	0.3654661016949153
15	0.3855932203389831
16	0.3898305084745763
17	0.3951271186440678
18	0.413135593220339
19	0.4332627118644068
20	0.4449152542372881
21	0.4608050847457627
22	0.4459745762711864
23	0.475635593220339
24	0.5010593220338984
25	0.4968220338983051
26	0.4957627118644068
27	0.5254237288135594
28	0.5572033898305084
29	0.5688559322033898
30	0.5741525423728814
31	0.5836864406779662
32	0.6059322033898306
33	0.5879237288135594
34	0.6122881355932204
35	0.6419491525423728
36	0.6175847457627118
37	0.6313559322033898
38	0.6366525423728814
39	0.6408898305084746
40	0.6504237288135594
41	0.6694915254237288
42	0.6652542372881356
43	0.6684322033898306
44	0.6673728813559322
45	0.6896186440677966
46	0.6959745762711864
47	0.7161016949152542
48	0.7245762711864406
49	0.739406779661017
50	0.7266949152542372
51	0.7235169491525424
52	0.7372881355932204
53	0.7161016949152542
54	0.75
55	0.7658898305084746
56	0.7722457627118644
57	0.7733050847457628
58	0.760593220338983
59	0.7754237288135594
60	0.7754237288135594
61	0.784957627118644
62	0.7701271186440678
63	0.7997881355932204
64	0.7764830508474576
65	0.7870762711864406
66	0.7966101694915254
67	0.7796610169491526
68	0.7870762711864406
69	0.798728813559322
70	0.8294491525423728
71	0.826271186440678
72	0.8305084745762712
73	0.8421610169491526
74	0.8463983050847458
75	0.8177966101694916
76	0.8294491525423728
77	0.850635593220339
78	0.850635593220339
79	0.8622881355932204
80	0.8527542372881356
81	0.8516949152542372
82	0.8707627118644068
83	0.8919491525423728
84	0.8877118644067796
85	0.8877118644067796
86	0.8845338983050848
87	0.8760593220338984
88	0.871822033898305
89	0.8728813559322034
90	0.885593220338983
91	0.888771186440678
92	0.902542372881356
93	0.9088983050847458
94	0.9226694915254238
95	0.9216101694915254
96	0.9141949152542372
97	0.9279661016949152
98	0.9173728813559322
99	0.913135593220339
100	0.9279661016949152
101	0.9216101694915254
102	0.934322033898305
103	0.9290254237288136
104	0.9385593220338984
105	0.9332627118644068
106	0.9427966101694916
107	0.9427966101694916
108	0.9449152542372882
109	0.9322033898305084
110	0.9279661016949152
111	0.9449152542372882
112	0.951271186440678
113	0.9608050847457628
114	0.948093220338983
115	0.9533898305084746
116	0.9523305084745762
117	0.9502118644067796
118	0.9586864406779662
119	0.9597457627118644
120	0.9533898305084746
121	0.9608050847457628
122	0.9639830508474576
123	0.9639830508474576
124	0.961864406779661
125	0.961864406779661
126	0.9586864406779662
127	0.9608050847457628
128	0.972457627118644
129	0.9713983050847458
130	0.9639830508474576
131	0.9745762711864406
132	0.9692796610169492
133	0.9703389830508474
134	0.9841101694915254
135	0.9745762711864406
136	0.9777542372881356
137	0.9766949152542372
138	0.9777542372881356
139	0.965042372881356
140	0.9777542372881356
141	0.9798728813559322
142	0.9745762711864406
143	0.9766949152542372
144	0.9745762711864406
145	0.9830508474576272
146	0.9777542372881356
147	0.9830508474576272
148	0.9809322033898306
149	0.9819915254237288
150	0.9830508474576272
151	0.9798728813559322
152	0.9798728813559322
153	0.9798728813559322
154	0.9851694915254238
155	0.9872881355932204
156	0.989406779661017
157	0.9851694915254238
158	0.986228813559322
159	0.9830508474576272
160	0.9883474576271186
161	0.9872881355932204
162	0.9851694915254238
163	0.9883474576271186
164	0.9883474576271186
165	0.986228813559322
166	0.9883474576271186
167	0.9936440677966102
168	0.9925847457627118
169	0.9915254237288136
170	0.9904661016949152
171	0.9904661016949152
172	0.9915254237288136
173	0.9904661016949152
174	0.989406779661017
175	0.9819915254237288
176	0.9915254237288136
177	0.9936440677966102
178	0.9872881355932204
179	0.9936440677966102
180	0.9936440677966102
181	0.9904661016949152
182	0.9851694915254238
183	0.9872881355932204
184	0.9819915254237288
185	0.9872881355932204
186	0.9819915254237288
187	0.9872881355932204
188	0.9904661016949152
189	0.9883474576271186
190	0.9915254237288136
191	0.9925847457627118
192	0.9925847457627118
193	0.9936440677966102
194	0.9915254237288136
195	0.9915254237288136
196	0.9936440677966102
197	0.9915254237288136
198	0.9957627118644068
199	0.9925847457627118
200	0.989406779661017
201	0.9915254237288136
202	0.9925847457627118
203	0.9936440677966102
204	0.9925847457627118
205	0.9947033898305084
206	0.989406779661017
207	0.9936440677966102
208	0.9957627118644068
209	0.9851694915254238
210	0.9904661016949152
211	0.9915254237288136
212	0.9947033898305084
213	0.9925847457627118
214	0.9936440677966102
215	0.9957627118644068
216	0.9978813559322034
217	0.9915254237288136
218	0.9904661016949152
219	0.9872881355932204
220	0.9883474576271186
221	0.9883474576271186
222	0.989406779661017
223	0.9915254237288136
224	0.9925847457627118
225	0.9936440677966102
226	0.9904661016949152
227	0.989406779661017
228	0.9872881355932204
229	0.989406779661017
230	0.9904661016949152
231	0.989406779661017
232	0.9883474576271186
233	0.9947033898305084
234	0.9936440677966102
235	0.9947033898305084
236	0.9936440677966102
237	0.9925847457627118
238	0.9915254237288136
239	0.9915254237288136
240	0.9936440677966102
241	0.9915254237288136
242	0.9936440677966102
243	0.9915254237288136
244	0.9957627118644068
245	0.996822033898305
246	0.9925847457627118
247	0.9957627118644068
248	0.989406779661017
249	0.9904661016949152
250	0.9925847457627118
251	0.9904661016949152
252	0.9904661016949152
253	0.9947033898305084
254	0.9925847457627118
255	0.9904661016949152
256	0.9947033898305084
257	0.9925847457627118
258	0.9904661016949152
259	0.9851694915254238
260	0.9904661016949152
261	0.9915254237288136
262	0.989406779661017
263	0.9936440677966102
264	0.989406779661017
265	0.986228813559322
266	0.9904661016949152
267	0.9883474576271186
268	0.9947033898305084
269	0.9925847457627118
270	0.9936440677966102
271	0.9925847457627118
272	0.9957627118644068
273	0.9957627118644068
274	0.996822033898305
275	0.9925847457627118
276	0.9947033898305084
277	0.9947033898305084
278	0.9904661016949152
279	0.9883474576271186
280	0.9915254237288136
281	0.9915254237288136
282	0.9915254237288136
283	0.9915254237288136
284	0.9947033898305084
285	0.9936440677966102
286	0.996822033898305
287	0.9957627118644068
288	0.9915254237288136
289	0.9872881355932204
290	0.9883474576271186
291	0.989406779661017
292	0.9904661016949152
293	0.989406779661017
294	0.9925847457627118
295	0.9851694915254238
296	0.9904661016949152
297	0.9883474576271186
298	0.9936440677966102
299	0.9947033898305084
300	0.9936440677966102
301	0.9936440677966102
302	0.9947033898305084
303	0.996822033898305
304	0.9936440677966102
305	0.9925847457627118
306	0.9925847457627118
307	0.9936440677966102
308	0.9915254237288136
309	0.9947033898305084
310	0.9904661016949152
311	0.9904661016949152
312	0.9915254237288136
313	0.9915254237288136
314	0.9925847457627118
315	0.9936440677966102
316	0.9936440677966102
317	0.9904661016949152
318	0.9915254237288136
319	0.9936440677966102
320	0.9957627118644068
321	0.9947033898305084
322	0.9947033898305084
323	0.9904661016949152
324	0.9883474576271186
325	0.9925847457627118
326	0.9957627118644068
327	0.9925847457627118
328	0.9925847457627118
329	0.9915254237288136
330	0.9872881355932204
331	0.9957627118644068
332	0.9947033898305084
333	0.9936440677966102
334	0.9904661016949152
335	0.9925847457627118
336	0.9947033898305084
337	0.9947033898305084
338	0.9936440677966102
339	0.9925847457627118
340	0.996822033898305
341	0.996822033898305
342	0.9947033898305084
343	0.9936440677966102
344	0.996822033898305
345	0.9957627118644068
346	0.9957627118644068
347	0.9957627118644068
348	0.9925847457627118
349	0.9957627118644068
350	0.996822033898305
351	0.9936440677966102
352	0.9925847457627118
353	0.9915254237288136
354	0.9947033898305084
355	0.9978813559322034
356	0.9978813559322034
357	0.9936440677966102
358	0.9947033898305084
359	0.9936440677966102
360	0.9947033898305084
361	0.9925847457627118
362	0.9936440677966102
363	0.996822033898305
364	0.9936440677966102
365	0.9957627118644068
366	0.9947033898305084
367	0.9978813559322034
368	0.9947033898305084
369	0.9925847457627118
370	0.996822033898305
371	0.996822033898305
372	0.9936440677966102
373	0.9947033898305084
374	0.9936440677966102
375	0.9957627118644068
376	0.9925847457627118
377	0.9925847457627118
378	0.9904661016949152
379	0.9883474576271186
380	0.989406779661017
381	0.9915254237288136
382	0.9925847457627118
383	0.989406779661017
384	0.986228813559322
385	0.9883474576271186
386	0.9883474576271186
387	0.989406779661017
388	0.989406779661017
389	0.9904661016949152
390	0.9957627118644068
391	0.9904661016949152
392	0.9936440677966102
393	0.9957627118644068
394	0.9915254237288136
395	0.9925847457627118
396	0.9947033898305084
397	0.9904661016949152
398	0.9978813559322034
399	0.9957627118644068
400	0.9978813559322034
401	0.9957627118644068
402	0.9957627118644068
403	0.9989406779661016
404	0.9957627118644068
405	0.9915254237288136
406	0.9947033898305084
407	0.9936440677966102
408	0.996822033898305
409	0.9915254237288136
410	0.9936440677966102
411	0.9978813559322034
412	0.9978813559322034
413	0.9978813559322034
414	0.9989406779661016
415	0.996822033898305
416	0.9925847457627118
417	0.9957627118644068
418	0.9978813559322034
419	0.9957627118644068
420	0.9936440677966102
421	0.9947033898305084
422	0.9947033898305084
423	0.9947033898305084
424	0.9936440677966102
425	0.9925847457627118
426	0.9915254237288136
427	0.9925847457627118
428	0.9957627118644068
429	0.9936440677966102
430	0.9925847457627118
431	0.9904661016949152
432	0.9904661016949152
433	0.9872881355932204
434	0.989406779661017
435	0.9904661016949152
436	0.9904661016949152
437	0.9947033898305084
438	0.9947033898305084
439	0.9936440677966102
440	0.9915254237288136
441	0.9947033898305084
442	0.9904661016949152
443	0.989406779661017
444	0.9925847457627118
445	0.9925847457627118
446	0.9904661016949152
447	0.9957627118644068
448	0.9936440677966102
449	0.9925847457627118
450	0.9915254237288136
451	0.9883474576271186
452	0.9904661016949152
453	0.989406779661017
454	0.9872881355932204
455	0.9915254237288136
456	0.989406779661017
457	0.9925847457627118
458	0.9947033898305084
459	0.9936440677966102
460	0.996822033898305
461	0.9915254237288136
462	0.9904661016949152
463	0.9936440677966102
464	0.9936440677966102
465	0.9947033898305084
466	0.9904661016949152
467	0.9904661016949152
468	0.9957627118644068
469	0.996822033898305
470	0.996822033898305
471	0.9925847457627118
472	0.9957627118644068
473	0.996822033898305
474	0.9925847457627118
475	0.9904661016949152
476	0.9925847457627118
477	0.9947033898305084
478	0.9925847457627118
479	0.9947033898305084
480	0.996822033898305
481	0.9957627118644068
482	0.9936440677966102
483	0.9957627118644068
484	0.9957627118644068
485	0.9925847457627118
486	0.9925847457627118
487	0.9925847457627118
488	0.9936440677966102
489	0.9925847457627118
490	0.9947033898305084
491	0.996822033898305
492	0.989406779661017
493	0.986228813559322
494	0.9947033898305084
495	0.9925847457627118
496	0.9936440677966102
497	0.9936440677966102
498	0.9936440677966102
499	0.9989406779661016
500	1.0
501	0.9978813559322034
502	0.996822033898305
503	0.996822033898305
504	0.9957627118644068
505	0.9936440677966102
506	0.996822033898305
507	0.996822033898305
508	0.9936440677966102
509	0.9904661016949152
510	0.996822033898305
511	0.9947033898305084
512	0.9936440677966102
513	0.9957627118644068
514	0.9947033898305084
515	0.9925847457627118
516	0.9957627118644068
517	0.9957627118644068
518	0.9936440677966102
519	0.9915254237288136
520	0.9904661016949152
521	0.9915254237288136
522	0.9904661016949152
523	0.9841101694915254
524	0.9915254237288136
525	0.9947033898305084
526	0.996822033898305
527	0.9978813559322034
528	0.9957627118644068
529	0.996822033898305
530	0.9936440677966102
531	0.9947033898305084
532	0.9989406779661016
533	0.9947033898305084
534	0.9978813559322034
535	0.9957627118644068
536	0.9947033898305084
537	0.9915254237288136
538	0.9947033898305084
539	0.9925847457627118
540	0.9925847457627118
541	0.9989406779661016
542	0.9978813559322034
543	0.9957627118644068
544	0.9947033898305084
545	0.9936440677966102
546	0.9925847457627118
547	0.9915254237288136
548	0.989406779661017
549	0.9978813559322034
550	0.9936440677966102
551	0.9957627118644068
552	0.9947033898305084
553	0.996822033898305
554	0.9957627118644068
555	0.9957627118644068
556	0.9957627118644068
557	0.9936440677966102
558	0.9936440677966102
559	0.9936440677966102
560	0.9947033898305084
561	0.9904661016949152
562	0.9947033898305084
563	0.9883474576271186
564	0.9915254237288136
565	0.9915254237288136
566	0.9957627118644068
567	0.9915254237288136
568	0.9936440677966102
569	0.9947033898305084
570	0.9936440677966102
571	0.9925847457627118
572	0.9904661016949152
573	0.9936440677966102
574	0.9957627118644068
575	0.9936440677966102
576	0.989406779661017
577	0.9936440677966102
578	0.9947033898305084
579	0.9947033898305084
580	0.9915254237288136
581	0.9957627118644068
582	0.996822033898305
583	0.996822033898305
584	0.9989406779661016
585	0.9957627118644068
586	0.9936440677966102
587	0.9978813559322034
588	0.9957627118644068
589	0.9957627118644068
590	0.9925847457627118
591	0.9957627118644068
592	0.9947033898305084
593	0.9957627118644068
594	0.9936440677966102
595	1.0
596	0.996822033898305
597	0.9947033898305084
598	0.9936440677966102
599	0.9915254237288136
600	0.9947033898305084
601	0.9978813559322034
602	0.9925847457627118
603	0.9957627118644068
604	0.9947033898305084
605	0.9947033898305084
606	0.9947033898305084
607	0.9947033898305084
608	0.9915254237288136
609	0.9957627118644068
610	0.9947033898305084
611	0.9978813559322034
612	0.9947033898305084
613	0.996822033898305
614	0.9957627118644068
615	0.9904661016949152
616	0.9915254237288136
617	0.9936440677966102
618	0.9957627118644068
619	0.9904661016949152
620	0.9936440677966102
621	0.9936440677966102
622	0.9978813559322034
623	1.0
624	0.9957627118644068
625	0.9947033898305084
626	0.9947033898305084
627	0.9936440677966102
628	0.9915254237288136
629	0.9957627118644068
630	0.9925847457627118
631	0.9947033898305084
632	0.996822033898305
633	0.9947033898305084
634	0.9936440677966102
635	0.9947033898305084
636	0.9936440677966102
637	0.9947033898305084
638	0.9957627118644068
639	0.9947033898305084
640	0.9947033898305084
641	0.9978813559322034
642	0.9915254237288136
643	0.996822033898305
644	0.9957627118644068
645	0.9936440677966102
646	0.9947033898305084
647	0.9904661016949152
648	0.9947033898305084
649	0.9936440677966102
650	0.9947033898305084
651	0.9925847457627118
652	0.9947033898305084
653	0.9904661016949152
654	0.9957627118644068
655	0.9989406779661016
656	0.9957627118644068
657	0.9947033898305084
658	0.9936440677966102
659	0.996822033898305
660	0.9957627118644068
661	0.9915254237288136
662	0.9947033898305084
663	0.9936440677966102
664	0.9915254237288136
665	0.989406779661017
666	0.9915254237288136
667	0.989406779661017
668	0.9915254237288136
669	0.9904661016949152
670	0.9915254237288136
671	0.9915254237288136
672	0.9925847457627118
673	0.9915254237288136
674	0.9925847457627118
675	0.9915254237288136
676	0.9947033898305084
677	0.9947033898305084
678	0.9957627118644068
679	0.9947033898305084
680	0.9925847457627118
681	0.996822033898305
682	0.996822033898305
683	0.9989406779661016
684	0.996822033898305
685	0.9936440677966102
686	0.9936440677966102
687	0.996822033898305
688	0.9947033898305084
689	0.9947033898305084
690	0.9978813559322034
691	0.9978813559322034
692	0.9957627118644068
693	0.9947033898305084
694	0.9925847457627118
695	0.9915254237288136
696	0.9947033898305084
697	0.9936440677966102
698	0.9947033898305084
699	0.9978813559322034
700	0.9947033898305084
701	0.9978813559322034
702	0.996822033898305
703	0.9957627118644068
704	0.9936440677966102
705	0.9947033898305084
706	0.9947033898305084
707	0.9957627118644068
708	0.9947033898305084
709	0.9904661016949152
710	0.9925847457627118
711	0.9947033898305084
712	0.9957627118644068
713	0.9947033898305084
714	0.9947033898305084
715	0.9947033898305084
716	0.9925847457627118
717	0.9915254237288136
718	0.9936440677966102
719	0.9904661016949152
720	0.9872881355932204
721	0.9904661016949152
722	0.9957627118644068
723	0.9947033898305084
724	0.9947033898305084
725	0.9957627118644068
726	0.9957627118644068
727	0.9925847457627118
728	0.9925847457627118
729	0.9957627118644068
730	0.996822033898305
731	0.9957627118644068
732	0.9947033898305084
733	0.9947033898305084
734	0.9915254237288136
735	0.9915254237288136
736	0.9915254237288136
737	0.9947033898305084
738	0.9978813559322034
739	0.9947033898305084
740	0.9947033898305084
741	0.9925847457627118
742	0.9957627118644068
743	0.996822033898305
744	0.9936440677966102
745	0.9947033898305084
746	0.9915254237288136
747	0.989406779661017
748	0.989406779661017
749	0.9957627118644068
750	0.9883474576271186
751	0.9915254237288136
752	0.9947033898305084
753	0.9947033898305084
754	0.9957627118644068
755	0.996822033898305
756	0.9947033898305084
757	0.9936440677966102
758	0.9936440677966102
759	0.9915254237288136
760	0.9947033898305084
761	0.9936440677966102
762	0.9904661016949152
763	0.9925847457627118
764	0.9957627118644068
765	0.996822033898305
766	0.9978813559322034
767	0.996822033898305
768	0.9957627118644068
769	0.9947033898305084
770	0.9957627118644068
771	0.9904661016949152
772	0.9947033898305084
773	0.9957627118644068
774	0.996822033898305
775	0.996822033898305
776	0.9925847457627118
777	0.9936440677966102
778	0.996822033898305
779	0.996822033898305
780	0.996822033898305
781	0.9947033898305084
782	0.9925847457627118
783	0.9925847457627118
784	0.996822033898305
785	0.996822033898305
786	0.9957627118644068
787	0.9947033898305084
788	0.996822033898305
789	0.9925847457627118
790	0.9936440677966102
791	0.996822033898305
792	0.9947033898305084
793	0.9915254237288136
794	0.9957627118644068
795	0.9957627118644068
796	0.9989406779661016
797	0.9936440677966102
798	0.9957627118644068
799	0.9936440677966102
800	0.996822033898305
801	0.996822033898305
802	0.9947033898305084
803	0.9957627118644068
804	0.9947033898305084
805	0.9915254237288136
806	0.9936440677966102
807	0.9947033898305084
808	0.9947033898305084
809	0.9947033898305084
810	0.9947033898305084
811	0.9947033898305084
812	0.9925847457627118
813	0.9925847457627118
814	0.9883474576271186
815	0.9883474576271186
816	0.9947033898305084
817	0.9925847457627118
818	0.9957627118644068
819	0.9957627118644068
820	0.9957627118644068
821	0.9936440677966102
822	0.9957627118644068
823	0.9978813559322034
824	0.9947033898305084
825	0.9936440677966102
826	0.9957627118644068
827	0.9978813559322034
828	0.9957627118644068
829	0.9957627118644068
830	0.9936440677966102
831	0.9936440677966102
832	0.9947033898305084
833	0.9925847457627118
834	0.9936440677966102
835	0.9957627118644068
836	0.9925847457627118
837	0.9925847457627118
838	0.9936440677966102
839	0.9915254237288136
840	0.9904661016949152
841	0.9904661016949152
842	0.9872881355932204
843	0.9883474576271186
844	0.9925847457627118
845	0.9957627118644068
846	0.9925847457627118
847	0.9957627118644068
848	0.996822033898305
849	0.9957627118644068
850	0.996822033898305
851	0.9936440677966102
852	0.9957627118644068
853	0.9925847457627118
854	0.9915254237288136
855	0.9957627118644068
856	0.9925847457627118
857	0.9925847457627118
858	0.9978813559322034
859	0.9957627118644068
860	0.996822033898305
861	0.9947033898305084
862	0.9915254237288136
863	0.9915254237288136
864	0.9925847457627118
865	0.9947033898305084
866	0.9947033898305084
867	0.9957627118644068
868	0.996822033898305
869	0.9957627118644068
870	0.9947033898305084
871	0.9947033898305084
872	0.996822033898305
873	0.996822033898305
874	0.9978813559322034
875	0.9989406779661016
876	0.9957627118644068
877	0.9957627118644068
878	0.9989406779661016
879	0.9989406779661016
880	0.996822033898305
881	0.9989406779661016
882	0.9957627118644068
883	0.9989406779661016
884	0.9978813559322034
885	1.0
886	0.9978813559322034
887	1.0
888	1.0
889	0.996822033898305
890	0.9957627118644068
891	0.9936440677966102
892	0.989406779661017
893	0.9947033898305084
894	0.9915254237288136
895	0.9915254237288136
896	0.9883474576271186
897	0.989406779661017
898	0.9915254237288136
899	0.9904661016949152
900	0.989406779661017
901	0.989406779661017
902	0.9925847457627118
903	0.9957627118644068
904	0.9957627118644068
905	0.9947033898305084
906	0.9947033898305084
907	0.9957627118644068
908	0.9957627118644068
909	0.9989406779661016
910	0.996822033898305
911	0.9925847457627118
912	0.9947033898305084
913	0.9978813559322034
914	0.996822033898305
915	0.9989406779661016
916	0.996822033898305
917	0.9947033898305084
918	0.9915254237288136
919	0.9936440677966102
920	0.9936440677966102
921	0.996822033898305
922	0.9947033898305084
923	1.0
924	0.9947033898305084
925	0.9978813559322034
926	0.9957627118644068
927	0.9936440677966102
928	0.9925847457627118
929	0.9978813559322034
930	0.9957627118644068
931	0.9957627118644068
932	0.9925847457627118
933	0.9915254237288136
934	0.9936440677966102
935	0.9904661016949152
936	0.9925847457627118
937	0.9957627118644068
938	0.9883474576271186
939	0.9925847457627118
940	0.9925847457627118
941	0.9904661016949152
942	0.9915254237288136
943	0.9925847457627118
944	0.9915254237288136
945	0.9883474576271186
946	0.9872881355932204
947	0.989406779661017
948	0.9925847457627118
949	0.9936440677966102
950	0.996822033898305
951	0.9957627118644068
952	0.9957627118644068
953	0.9957627118644068
954	0.9925847457627118
955	0.996822033898305
956	0.9936440677966102
957	0.9947033898305084
958	0.9936440677966102
959	0.9936440677966102
960	0.9957627118644068
961	0.9947033898305084
962	0.9936440677966102
963	0.9947033898305084
964	0.9957627118644068
965	0.9925847457627118
966	0.9904661016949152
967	0.9957627118644068
968	0.9925847457627118
969	0.9904661016949152
970	0.9947033898305084
971	0.9936440677966102
972	0.9904661016949152
973	0.9947033898305084
974	0.9957627118644068
975	0.9957627118644068
976	0.9978813559322034
977	0.9957627118644068
978	0.996822033898305
979	0.9957627118644068
980	0.9947033898305084
981	0.9925847457627118
982	0.9947033898305084
983	0.9957627118644068
984	0.9936440677966102
985	0.9957627118644068
986	0.9915254237288136
987	0.9925847457627118
988	0.9947033898305084
989	0.9957627118644068
990	0.9978813559322034
991	0.996822033898305
992	0.9957627118644068
993	0.9989406779661016
994	0.996822033898305
995	0.9957627118644068
996	0.9936440677966102
997	0.9904661016949152
998	0.9904661016949152
999	0.996822033898305
1000	0.9936440677966102
