1	0.12211221122112212
2	0.10561056105610561
3	0.23102310231023102
4	0.23267326732673269
5	0.26732673267326734
6	0.2854785478547855
7	0.2953795379537954
8	0.3333333333333333
9	0.3778877887788779
10	0.3927392739273927
11	0.41089108910891087
12	0.4504950495049505
13	0.4768976897689769
14	0.5
15	0.5478547854785478
16	0.5363036303630363
17	0.5396039603960396
18	0.5643564356435643
19	0.5676567656765676
20	0.599009900990099
21	0.6122112211221122
22	0.6386138613861386
23	0.6633663366336634
24	0.6683168316831684
25	0.6567656765676567
26	0.6584158415841584
27	0.6584158415841584
28	0.6501650165016502
29	0.6947194719471947
30	0.7062706270627063
31	0.7244224422442245
32	0.7392739273927392
33	0.7277227722772277
34	0.7541254125412541
35	0.7194719471947195
36	0.7524752475247525
37	0.7508250825082509
38	0.7788778877887789
39	0.7970297029702971
40	0.7920792079207921
41	0.7854785478547854
42	0.7937293729372937
43	0.7821782178217822
44	0.8036303630363036
45	0.8036303630363036
46	0.7986798679867987
47	0.8184818481848185
48	0.8267326732673267
49	0.8201320132013201
50	0.8316831683168316
51	0.8366336633663366
52	0.8267326732673267
53	0.8316831683168316
54	0.8234323432343235
55	0.8283828382838284
56	0.8333333333333334
57	0.8448844884488449
58	0.8481848184818482
59	0.8712871287128713
60	0.8663366336633663
61	0.8712871287128713
62	0.8877887788778878
63	0.8679867986798679
64	0.863036303630363
65	0.8679867986798679
66	0.8448844884488449
67	0.858085808580858
68	0.8646864686468647
69	0.8597359735973598
70	0.8811881188118812
71	0.863036303630363
72	0.8745874587458746
73	0.8927392739273927
74	0.8877887788778878
75	0.9125412541254125
76	0.9092409240924092
77	0.9108910891089109
78	0.9240924092409241
79	0.9191419141914191
80	0.9207920792079208
81	0.9257425742574258
82	0.9240924092409241
83	0.9191419141914191
84	0.9306930693069307
85	0.9488448844884488
86	0.9372937293729373
87	0.9240924092409241
88	0.9356435643564357
89	0.9438943894389439
90	0.9521452145214522
91	0.9504950495049505
92	0.9455445544554455
93	0.9554455445544554
94	0.9620462046204621
95	0.9471947194719472
96	0.9504950495049505
97	0.9422442244224423
98	0.9537953795379538
99	0.9504950495049505
100	0.9504950495049505
101	0.9504950495049505
102	0.9620462046204621
103	0.966996699669967
104	0.971947194719472
105	0.9636963696369637
106	0.971947194719472
107	0.9570957095709571
108	0.9653465346534653
109	0.9603960396039604
110	0.971947194719472
111	0.9686468646864687
112	0.9636963696369637
113	0.966996699669967
114	0.9735973597359736
115	0.9735973597359736
116	0.9702970297029703
117	0.9686468646864687
118	0.9801980198019802
119	0.9801980198019802
120	0.9834983498349835
121	0.9851485148514851
122	0.9818481848184818
123	0.9818481848184818
124	0.9818481848184818
125	0.9867986798679867
126	0.9818481848184818
127	0.9867986798679867
128	0.9851485148514851
129	0.9867986798679867
130	0.9884488448844885
131	0.9867986798679867
132	0.9884488448844885
133	0.9917491749174917
134	0.9900990099009901
135	0.9900990099009901
136	0.995049504950495
137	0.9966996699669967
138	0.9933993399339934
139	0.9884488448844885
140	0.9917491749174917
141	0.9917491749174917
142	0.9900990099009901
143	0.9933993399339934
144	0.9917491749174917
145	0.995049504950495
146	0.9851485148514851
147	0.9900990099009901
148	0.9900990099009901
149	0.995049504950495
150	0.9933993399339934
151	0.9933993399339934
152	0.9900990099009901
153	0.9966996699669967
154	0.9933993399339934
155	0.9933993399339934
156	0.9966996699669967
157	0.995049504950495
158	0.995049504950495
159	0.9983498349834984
160	0.9983498349834984
161	0.9933993399339934
162	0.995049504950495
163	0.995049504950495
164	0.9933993399339934
165	0.9983498349834984
166	0.9983498349834984
167	0.9933993399339934
168	0.995049504950495
169	0.9983498349834984
170	0.9966996699669967
171	0.9966996699669967
172	1.0
173	0.9983498349834984
174	0.9983498349834984
175	0.9983498349834984
176	0.995049504950495
177	0.9966996699669967
178	0.9983498349834984
179	0.9966996699669967
180	0.9983498349834984
181	0.9966996699669967
182	0.995049504950495
183	0.9966996699669967
184	1.0
185	0.9983498349834984
186	0.9933993399339934
187	0.995049504950495
188	0.9933993399339934
189	0.995049504950495
190	0.9966996699669967
191	0.9983498349834984
192	0.995049504950495
193	0.9966996699669967
194	0.995049504950495
195	1.0
196	0.9966996699669967
197	0.9983498349834984
198	0.9983498349834984
199	1.0
200	0.9983498349834984
201	0.9966996699669967
202	0.9966996699669967
203	0.995049504950495
204	0.9966996699669967
205	0.9983498349834984
206	0.9983498349834984
207	1.0
208	1.0
209	0.9966996699669967
210	0.9966996699669967
211	0.9983498349834984
212	0.9983498349834984
213	0.9966996699669967
214	0.9966996699669967
215	0.9966996699669967
216	0.9966996699669967
217	0.9983498349834984
218	0.9966996699669967
219	0.9966996699669967
220	1.0
221	1.0
222	1.0
223	0.995049504950495
224	0.995049504950495
225	0.9966996699669967
226	0.9966996699669967
227	0.9966996699669967
228	0.9966996699669967
229	0.9966996699669967
230	0.9983498349834984
231	1.0
232	1.0
233	1.0
234	1.0
235	0.995049504950495
236	0.9983498349834984
237	1.0
238	0.9983498349834984
239	1.0
240	1.0
241	1.0
242	0.9983498349834984
243	0.9966996699669967
244	0.9966996699669967
245	1.0
246	1.0
247	1.0
248	0.9966996699669967
249	1.0
250	0.9983498349834984
251	0.9966996699669967
252	0.9966996699669967
253	0.9966996699669967
254	0.995049504950495
255	1.0
256	0.9983498349834984
257	0.9966996699669967
258	0.9966996699669967
259	0.995049504950495
260	1.0
261	0.9983498349834984
262	1.0
263	1.0
264	0.9983498349834984
265	1.0
266	0.9983498349834984
267	0.9983498349834984
268	0.9983498349834984
269	1.0
270	1.0
271	1.0
272	1.0
273	1.0
274	0.9983498349834984
275	1.0
276	0.9983498349834984
277	0.9966996699669967
278	0.9983498349834984
279	1.0
280	0.9966996699669967
281	0.9983498349834984
282	0.9983498349834984
283	0.9966996699669967
284	0.9966996699669967
285	1.0
286	1.0
287	1.0
288	1.0
289	0.9983498349834984
290	0.9983498349834984
291	0.9966996699669967
292	0.9966996699669967
293	1.0
294	0.9966996699669967
295	0.9966996699669967
296	0.9966996699669967
297	0.9933993399339934
298	0.995049504950495
299	0.9983498349834984
300	1.0
301	0.9983498349834984
302	0.9983498349834984
303	0.9966996699669967
304	0.9966996699669967
305	0.9983498349834984
306	0.9983498349834984
307	0.9983498349834984
308	0.9983498349834984
309	1.0
310	1.0
311	0.9983498349834984
312	0.9966996699669967
313	0.995049504950495
314	0.9983498349834984
315	1.0
316	0.9983498349834984
317	1.0
318	0.9983498349834984
319	0.9966996699669967
320	0.995049504950495
321	0.995049504950495
322	0.9966996699669967
323	0.9966996699669967
324	0.9983498349834984
325	1.0
326	1.0
327	0.9983498349834984
328	0.995049504950495
329	0.995049504950495
330	0.9966996699669967
331	0.995049504950495
332	1.0
333	1.0
334	1.0
335	1.0
336	1.0
337	1.0
338	1.0
339	1.0
340	1.0
341	1.0
342	1.0
343	1.0
344	0.9983498349834984
345	0.9983498349834984
346	0.9983498349834984
347	0.9983498349834984
348	0.9983498349834984
349	1.0
350	0.9983498349834984
351	0.9983498349834984
352	1.0
353	1.0
354	1.0
355	1.0
356	0.9983498349834984
357	1.0
358	1.0
359	1.0
360	1.0
361	1.0
362	0.9983498349834984
363	1.0
364	0.9983498349834984
365	1.0
366	1.0
367	1.0
368	1.0
369	1.0
370	1.0
371	1.0
372	1.0
373	1.0
374	1.0
375	0.9983498349834984
376	0.9983498349834984
377	1.0
378	1.0
379	0.9983498349834984
380	1.0
381	1.0
382	1.0
383	1.0
384	1.0
385	1.0
386	1.0
387	1.0
388	1.0
389	1.0
390	1.0
391	1.0
392	1.0
393	1.0
394	0.9983498349834984
395	1.0
396	1.0
397	1.0
398	1.0
399	1.0
400	1.0
401	1.0
402	1.0
403	0.9983498349834984
404	1.0
405	1.0
406	0.9983498349834984
407	1.0
408	1.0
409	1.0
410	1.0
411	1.0
412	1.0
413	1.0
414	0.9983498349834984
415	0.9966996699669967
416	0.9983498349834984
417	0.9966996699669967
418	0.9983498349834984
419	1.0
420	1.0
421	0.9983498349834984
422	1.0
423	0.9983498349834984
424	1.0
425	1.0
426	1.0
427	1.0
428	0.9966996699669967
429	0.9983498349834984
430	1.0
431	1.0
432	1.0
433	1.0
434	1.0
435	1.0
436	0.9983498349834984
437	0.9983498349834984
438	0.9966996699669967
439	0.9933993399339934
440	0.9966996699669967
441	0.9966996699669967
442	0.995049504950495
443	0.995049504950495
444	0.9966996699669967
445	0.995049504950495
446	0.9966996699669967
447	0.9983498349834984
448	0.9983498349834984
449	0.9983498349834984
450	1.0
451	1.0
452	1.0
453	1.0
454	1.0
455	0.9983498349834984
456	1.0
457	1.0
458	1.0
459	0.9983498349834984
460	0.9983498349834984
461	1.0
462	0.9966996699669967
463	0.995049504950495
464	0.9966996699669967
465	0.9966996699669967
466	1.0
467	0.995049504950495
468	0.995049504950495
469	0.995049504950495
470	0.995049504950495
471	1.0
472	0.9983498349834984
473	0.9983498349834984
474	0.995049504950495
475	0.9983498349834984
476	0.9983498349834984
477	1.0
478	0.9983498349834984
479	1.0
480	1.0
481	0.9983498349834984
482	0.9983498349834984
483	0.9966996699669967
484	0.995049504950495
485	0.9966996699669967
486	0.9966996699669967
487	0.9966996699669967
488	0.9933993399339934
489	0.9966996699669967
490	0.9966996699669967
491	0.9983498349834984
492	0.9983498349834984
493	0.9966996699669967
494	0.9983498349834984
495	1.0
496	1.0
497	1.0
498	0.9966996699669967
499	0.9983498349834984
500	0.9966996699669967
501	0.9966996699669967
502	1.0
503	0.9983498349834984
504	0.9983498349834984
505	0.9983498349834984
506	0.9983498349834984
507	0.9983498349834984
508	0.9983498349834984
509	0.9983498349834984
510	1.0
511	0.9983498349834984
512	0.9966996699669967
513	1.0
514	1.0
515	1.0
516	1.0
517	1.0
518	1.0
519	1.0
520	0.9983498349834984
521	0.9983498349834984
522	0.995049504950495
523	0.9966996699669967
524	0.9966996699669967
525	0.9983498349834984
526	0.9983498349834984
527	0.9983498349834984
528	1.0
529	1.0
530	1.0
531	0.9983498349834984
532	1.0
533	1.0
534	1.0
535	1.0
536	0.9983498349834984
537	0.9983498349834984
538	0.9983498349834984
539	0.9983498349834984
540	0.9983498349834984
541	1.0
542	0.9983498349834984
543	1.0
544	0.9983498349834984
545	1.0
546	1.0
547	0.9983498349834984
548	1.0
549	0.9983498349834984
550	0.995049504950495
551	0.9966996699669967
552	0.9983498349834984
553	1.0
554	1.0
555	0.9983498349834984
556	1.0
557	0.9983498349834984
558	0.9983498349834984
559	0.9983498349834984
560	0.9966996699669967
561	0.9966996699669967
562	1.0
563	1.0
564	0.9966996699669967
565	0.9966996699669967
566	1.0
567	1.0
568	1.0
569	0.9966996699669967
570	0.9966996699669967
571	0.9983498349834984
572	1.0
573	1.0
574	1.0
575	1.0
576	0.9983498349834984
577	1.0
578	1.0
579	1.0
580	1.0
581	0.9983498349834984
582	0.9966996699669967
583	0.9966996699669967
584	0.9966996699669967
585	0.9983498349834984
586	1.0
587	0.9983498349834984
588	0.9983498349834984
589	0.9983498349834984
590	0.9966996699669967
591	0.9983498349834984
592	0.9983498349834984
593	1.0
594	1.0
595	1.0
596	0.9983498349834984
597	0.9983498349834984
598	1.0
599	0.9983498349834984
600	1.0
601	1.0
602	1.0
603	0.9983498349834984
604	0.9983498349834984
605	0.9983498349834984
606	0.9983498349834984
607	1.0
608	1.0
609	1.0
610	1.0
611	1.0
612	0.9983498349834984
613	1.0
614	1.0
615	0.9966996699669967
616	0.9983498349834984
617	1.0
618	1.0
619	1.0
620	1.0
621	1.0
622	0.9966996699669967
623	0.9983498349834984
624	1.0
625	1.0
626	1.0
627	1.0
628	1.0
629	1.0
630	1.0
631	1.0
632	1.0
633	1.0
634	0.9983498349834984
635	1.0
636	1.0
637	0.9983498349834984
638	1.0
639	1.0
640	1.0
641	0.9983498349834984
642	1.0
643	1.0
644	1.0
645	1.0
646	1.0
647	1.0
648	1.0
649	0.9983498349834984
650	1.0
651	1.0
652	0.9983498349834984
653	1.0
654	1.0
655	1.0
656	1.0
657	1.0
658	1.0
659	1.0
660	1.0
661	1.0
662	1.0
663	0.9983498349834984
664	0.9983498349834984
665	0.9966996699669967
666	0.9983498349834984
667	1.0
668	1.0
669	1.0
670	1.0
671	1.0
672	0.9966996699669967
673	0.9983498349834984
674	1.0
675	0.9983498349834984
676	1.0
677	0.9983498349834984
678	0.9983498349834984
679	0.9983498349834984
680	1.0
681	1.0
682	0.9983498349834984
683	0.9983498349834984
684	0.9983498349834984
685	0.9983498349834984
686	0.9983498349834984
687	0.9983498349834984
688	0.9983498349834984
689	0.9983498349834984
690	1.0
691	1.0
692	1.0
693	1.0
694	1.0
695	1.0
696	1.0
697	1.0
698	0.9983498349834984
699	1.0
700	1.0
701	1.0
702	1.0
703	1.0
704	1.0
705	1.0
706	1.0
707	1.0
708	1.0
709	1.0
710	1.0
711	0.9983498349834984
712	1.0
713	1.0
714	0.9983498349834984
715	1.0
716	1.0
717	1.0
718	0.9966996699669967
719	0.9983498349834984
720	0.9983498349834984
721	0.9983498349834984
722	1.0
723	1.0
724	1.0
725	1.0
726	1.0
727	1.0
728	1.0
729	1.0
730	0.9966996699669967
731	1.0
732	1.0
733	1.0
734	1.0
735	0.9983498349834984
736	1.0
737	1.0
738	0.9983498349834984
739	1.0
740	1.0
741	0.9966996699669967
742	0.9983498349834984
743	1.0
744	1.0
745	0.9983498349834984
746	1.0
747	1.0
748	1.0
749	1.0
750	1.0
751	1.0
752	1.0
753	1.0
754	1.0
755	1.0
756	1.0
757	1.0
758	1.0
759	1.0
760	0.9966996699669967
761	0.9983498349834984
762	1.0
763	0.9983498349834984
764	0.9983498349834984
765	0.9983498349834984
766	0.9966996699669967
767	0.9983498349834984
768	1.0
769	1.0
770	1.0
771	1.0
772	1.0
773	1.0
774	1.0
775	1.0
776	1.0
777	0.9983498349834984
778	1.0
779	1.0
780	1.0
781	1.0
782	1.0
783	0.9983498349834984
784	1.0
785	1.0
786	1.0
787	0.9983498349834984
788	0.9983498349834984
789	0.9983498349834984
790	0.9983498349834984
791	0.9966996699669967
792	0.9966996699669967
793	1.0
794	1.0
795	1.0
796	1.0
797	1.0
798	1.0
799	0.9983498349834984
800	0.9966996699669967
801	1.0
802	0.9983498349834984
803	0.9983498349834984
804	0.9966996699669967
805	0.9966996699669967
806	0.9983498349834984
807	1.0
808	1.0
809	1.0
810	0.9983498349834984
811	1.0
812	1.0
813	1.0
814	1.0
815	0.9983498349834984
816	1.0
817	1.0
818	1.0
819	1.0
820	1.0
821	1.0
822	1.0
823	1.0
824	1.0
825	1.0
826	1.0
827	1.0
828	1.0
829	1.0
830	1.0
831	0.9983498349834984
832	1.0
833	1.0
834	1.0
835	1.0
836	1.0
837	1.0
838	1.0
839	1.0
840	1.0
841	1.0
842	0.9983498349834984
843	0.9983498349834984
844	0.9983498349834984
845	0.9966996699669967
846	0.9983498349834984
847	0.9983498349834984
848	0.9983498349834984
849	1.0
850	1.0
851	1.0
852	1.0
853	1.0
854	1.0
855	1.0
856	1.0
857	1.0
858	1.0
859	0.9983498349834984
860	1.0
861	1.0
862	1.0
863	1.0
864	1.0
865	0.9983498349834984
866	1.0
867	0.9983498349834984
868	0.9983498349834984
869	1.0
870	0.9983498349834984
871	0.9983498349834984
872	1.0
873	1.0
874	0.9983498349834984
875	0.9966996699669967
876	1.0
877	0.9983498349834984
878	0.9983498349834984
879	1.0
880	0.9983498349834984
881	1.0
882	1.0
883	1.0
884	1.0
885	1.0
886	1.0
887	1.0
888	1.0
889	0.9983498349834984
890	0.9983498349834984
891	1.0
892	0.9983498349834984
893	1.0
894	0.9983498349834984
895	1.0
896	0.9983498349834984
897	1.0
898	1.0
899	1.0
900	1.0
901	1.0
902	1.0
903	1.0
904	1.0
905	1.0
906	1.0
907	1.0
908	1.0
909	1.0
910	1.0
911	1.0
912	0.9983498349834984
913	1.0
914	1.0
915	0.9983498349834984
916	1.0
917	1.0
918	0.9983498349834984
919	1.0
920	1.0
921	1.0
922	1.0
923	1.0
924	0.9983498349834984
925	1.0
926	1.0
927	1.0
928	1.0
929	1.0
930	1.0
931	1.0
932	1.0
933	0.9983498349834984
934	1.0
935	1.0
936	0.9983498349834984
937	1.0
938	1.0
939	1.0
940	1.0
941	1.0
942	1.0
943	1.0
944	1.0
945	1.0
946	0.9983498349834984
947	0.9983498349834984
948	0.9983498349834984
949	0.9983498349834984
950	0.9983498349834984
951	0.9983498349834984
952	1.0
953	1.0
954	1.0
955	1.0
956	1.0
957	1.0
958	1.0
959	1.0
960	1.0
961	1.0
962	1.0
963	1.0
964	1.0
965	1.0
966	1.0
967	0.9983498349834984
968	1.0
969	1.0
970	1.0
971	0.9983498349834984
972	0.995049504950495
973	0.9966996699669967
974	0.9983498349834984
975	1.0
976	1.0
977	1.0
978	1.0
979	1.0
980	1.0
981	1.0
982	1.0
983	1.0
984	1.0
985	1.0
986	1.0
987	1.0
988	1.0
989	1.0
990	1.0
991	0.9966996699669967
992	0.9983498349834984
993	1.0
994	1.0
995	1.0
996	0.9983498349834984
997	1.0
998	1.0
999	1.0
1000	0.9983498349834984
