1	0.02564102564102564
2	0.05128205128205128
3	0.05128205128205128
4	0.05128205128205128
5	0.05128205128205128
6	0.0641025641025641
7	0.05128205128205128
8	0.05128205128205128
9	0.038461538461538464
10	0.07692307692307693
11	0.11538461538461539
12	0.11538461538461539
13	0.1794871794871795
14	0.19230769230769232
15	0.20512820512820512
16	0.24358974358974358
17	0.16666666666666666
18	0.2564102564102564
19	0.24358974358974358
20	0.3076923076923077
21	0.23076923076923078
22	0.2692307692307692
23	0.2564102564102564
24	0.23076923076923078
25	0.28205128205128205
26	0.2692307692307692
27	0.2948717948717949
28	0.2692307692307692
29	0.28205128205128205
30	0.2948717948717949
31	0.28205128205128205
32	0.32051282051282054
33	0.28205128205128205
34	0.46153846153846156
35	0.358974358974359
36	0.3974358974358974
37	0.358974358974359
38	0.34615384615384615
39	0.358974358974359
40	0.3717948717948718
41	0.3974358974358974
42	0.3717948717948718
43	0.3717948717948718
44	0.47435897435897434
45	0.44871794871794873
46	0.44871794871794873
47	0.44871794871794873
48	0.47435897435897434
49	0.5256410256410257
50	0.5128205128205128
51	0.5384615384615384
52	0.46153846153846156
53	0.5384615384615384
54	0.48717948717948717
55	0.6025641025641025
56	0.5897435897435898
57	0.5256410256410257
58	0.5641025641025641
59	0.5769230769230769
60	0.5897435897435898
61	0.6025641025641025
62	0.5384615384615384
63	0.5897435897435898
64	0.5641025641025641
65	0.5641025641025641
66	0.6410256410256411
67	0.6410256410256411
68	0.6794871794871795
69	0.6538461538461539
70	0.6282051282051282
71	0.6025641025641025
72	0.6923076923076923
73	0.6282051282051282
74	0.6923076923076923
75	0.6923076923076923
76	0.6410256410256411
77	0.7051282051282052
78	0.6794871794871795
79	0.7051282051282052
80	0.7307692307692307
81	0.5897435897435898
82	0.6666666666666666
83	0.6794871794871795
84	0.717948717948718
85	0.6923076923076923
86	0.7051282051282052
87	0.6923076923076923
88	0.717948717948718
89	0.6923076923076923
90	0.717948717948718
91	0.7051282051282052
92	0.6794871794871795
93	0.717948717948718
94	0.7307692307692307
95	0.6666666666666666
96	0.8076923076923077
97	0.7051282051282052
98	0.7948717948717948
99	0.7435897435897436
100	0.7051282051282052
101	0.7692307692307693
102	0.782051282051282
103	0.7692307692307693
104	0.7948717948717948
105	0.8461538461538461
106	0.8076923076923077
107	0.7564102564102564
108	0.7435897435897436
109	0.6923076923076923
110	0.7435897435897436
111	0.7948717948717948
112	0.7435897435897436
113	0.7564102564102564
114	0.7692307692307693
115	0.7692307692307693
116	0.8076923076923077
117	0.8333333333333334
118	0.8205128205128205
119	0.8076923076923077
120	0.8205128205128205
121	0.7307692307692307
122	0.8205128205128205
123	0.8205128205128205
124	0.7564102564102564
125	0.7692307692307693
126	0.8205128205128205
127	0.717948717948718
128	0.8333333333333334
129	0.8076923076923077
130	0.8205128205128205
131	0.7948717948717948
132	0.7564102564102564
133	0.7692307692307693
134	0.8205128205128205
135	0.8461538461538461
136	0.8076923076923077
137	0.8076923076923077
138	0.8461538461538461
139	0.8717948717948718
140	0.7692307692307693
141	0.8076923076923077
142	0.8461538461538461
143	0.7692307692307693
144	0.7692307692307693
145	0.7435897435897436
146	0.7948717948717948
147	0.8076923076923077
148	0.8333333333333334
149	0.8333333333333334
150	0.8846153846153846
151	0.8076923076923077
152	0.782051282051282
153	0.8461538461538461
154	0.7692307692307693
155	0.8461538461538461
156	0.8333333333333334
157	0.8333333333333334
158	0.9102564102564102
159	0.9230769230769231
160	0.8076923076923077
161	0.8333333333333334
162	0.8846153846153846
163	0.8589743589743589
164	0.8974358974358975
165	0.8461538461538461
166	0.8846153846153846
167	0.7948717948717948
168	0.8333333333333334
169	0.8205128205128205
170	0.8205128205128205
171	0.8076923076923077
172	0.8205128205128205
173	0.8461538461538461
174	0.8846153846153846
175	0.8717948717948718
176	0.8717948717948718
177	0.8333333333333334
178	0.8589743589743589
179	0.8717948717948718
180	0.8846153846153846
181	0.8076923076923077
182	0.8974358974358975
183	0.8461538461538461
184	0.8333333333333334
185	0.8333333333333334
186	0.9102564102564102
187	0.8461538461538461
188	0.8205128205128205
189	0.9230769230769231
190	0.8461538461538461
191	0.8846153846153846
192	0.8589743589743589
193	0.8461538461538461
194	0.8205128205128205
195	0.8461538461538461
196	0.8589743589743589
197	0.8461538461538461
198	0.8333333333333334
199	0.8974358974358975
200	0.8589743589743589
201	0.9102564102564102
202	0.8974358974358975
203	0.8589743589743589
204	0.8717948717948718
205	0.8461538461538461
206	0.8461538461538461
207	0.9230769230769231
208	0.8846153846153846
209	0.8974358974358975
210	0.9230769230769231
211	0.8717948717948718
212	0.8205128205128205
213	0.8846153846153846
214	0.8333333333333334
215	0.8846153846153846
216	0.9358974358974359
217	0.8974358974358975
218	0.8717948717948718
219	0.9230769230769231
220	0.8846153846153846
221	0.9230769230769231
222	0.9230769230769231
223	0.8974358974358975
224	0.8974358974358975
225	0.8974358974358975
226	0.8974358974358975
227	0.8846153846153846
228	0.8717948717948718
229	0.8846153846153846
230	0.9102564102564102
231	0.8717948717948718
232	0.9230769230769231
233	0.8846153846153846
234	0.8846153846153846
235	0.9487179487179487
236	0.8846153846153846
237	0.9230769230769231
238	0.8717948717948718
239	0.9102564102564102
240	0.8461538461538461
241	0.8205128205128205
242	0.8717948717948718
243	0.8717948717948718
244	0.9358974358974359
245	0.8205128205128205
246	0.8717948717948718
247	0.8974358974358975
248	0.8846153846153846
249	0.9102564102564102
250	0.8974358974358975
251	0.9230769230769231
252	0.8846153846153846
253	0.8846153846153846
254	0.9102564102564102
255	0.8974358974358975
256	0.8974358974358975
257	0.8589743589743589
258	0.9230769230769231
259	0.8717948717948718
260	0.9487179487179487
261	0.8974358974358975
262	0.8461538461538461
263	0.8589743589743589
264	0.8461538461538461
265	0.8717948717948718
266	0.9102564102564102
267	0.8974358974358975
268	0.8717948717948718
269	0.8717948717948718
270	0.8589743589743589
271	0.9358974358974359
272	0.9230769230769231
273	0.8846153846153846
274	0.9230769230769231
275	0.8461538461538461
276	0.8461538461538461
277	0.9102564102564102
278	0.9230769230769231
279	0.9102564102564102
280	0.8846153846153846
281	0.9102564102564102
282	0.8717948717948718
283	0.8974358974358975
284	0.9358974358974359
285	0.9230769230769231
286	0.8846153846153846
287	0.8717948717948718
288	0.8974358974358975
289	0.9230769230769231
290	0.8461538461538461
291	0.9487179487179487
292	0.9102564102564102
293	0.9358974358974359
294	0.8974358974358975
295	0.9102564102564102
296	0.8717948717948718
297	0.9487179487179487
298	0.9230769230769231
299	0.8717948717948718
300	0.8717948717948718
301	0.8717948717948718
302	0.8846153846153846
303	0.8717948717948718
304	0.8589743589743589
305	0.9487179487179487
306	0.9487179487179487
307	0.9230769230769231
308	0.8717948717948718
309	0.8717948717948718
310	0.9358974358974359
311	0.9102564102564102
312	0.9230769230769231
313	0.8846153846153846
314	0.9102564102564102
315	0.8846153846153846
316	0.8846153846153846
317	0.8461538461538461
318	0.9102564102564102
319	0.9615384615384616
320	0.9230769230769231
321	0.9487179487179487
322	0.9358974358974359
323	0.8589743589743589
324	0.8974358974358975
325	0.9230769230769231
326	0.9230769230769231
327	0.8974358974358975
328	0.9358974358974359
329	0.9102564102564102
330	0.8846153846153846
331	0.8974358974358975
332	0.8846153846153846
333	0.9358974358974359
334	0.8846153846153846
335	0.9102564102564102
336	0.9102564102564102
337	0.9230769230769231
338	0.9102564102564102
339	0.9615384615384616
340	0.8717948717948718
341	0.9358974358974359
342	0.9102564102564102
343	0.8974358974358975
344	0.9743589743589743
345	0.9102564102564102
346	0.9358974358974359
347	0.9102564102564102
348	0.8846153846153846
349	0.9615384615384616
350	0.9358974358974359
351	0.9487179487179487
352	0.8589743589743589
353	0.9102564102564102
354	0.9358974358974359
355	0.8974358974358975
356	0.9230769230769231
357	0.9487179487179487
358	0.8974358974358975
359	0.9615384615384616
360	0.9487179487179487
361	0.8974358974358975
362	0.9615384615384616
363	0.8974358974358975
364	0.9230769230769231
365	0.9743589743589743
366	0.9230769230769231
367	0.9487179487179487
368	0.9487179487179487
369	0.8846153846153846
370	0.9230769230769231
371	0.9230769230769231
372	0.9615384615384616
373	0.9487179487179487
374	0.9102564102564102
375	0.8846153846153846
376	0.9487179487179487
377	0.9615384615384616
378	0.8846153846153846
379	0.8846153846153846
380	0.9102564102564102
381	0.9358974358974359
382	0.9487179487179487
383	0.8974358974358975
384	0.8974358974358975
385	0.9102564102564102
386	0.9358974358974359
387	0.9358974358974359
388	0.9358974358974359
389	0.9487179487179487
390	0.9230769230769231
391	0.9487179487179487
392	0.9358974358974359
393	0.9358974358974359
394	0.9487179487179487
395	0.9358974358974359
396	0.9358974358974359
397	0.8974358974358975
398	0.9871794871794872
399	0.9615384615384616
400	0.9230769230769231
401	0.8846153846153846
402	0.8974358974358975
403	0.9615384615384616
404	0.9871794871794872
405	0.9487179487179487
406	0.9615384615384616
407	0.9871794871794872
408	0.8974358974358975
409	0.9230769230769231
410	0.8717948717948718
411	0.9487179487179487
412	0.9487179487179487
413	0.9230769230769231
414	0.9230769230769231
415	0.9358974358974359
416	0.9102564102564102
417	0.8974358974358975
418	0.9615384615384616
419	0.9487179487179487
420	0.9487179487179487
421	0.9487179487179487
422	0.8974358974358975
423	0.9615384615384616
424	0.9487179487179487
425	0.9358974358974359
426	0.8846153846153846
427	0.9615384615384616
428	0.9743589743589743
429	0.9487179487179487
430	0.9358974358974359
431	0.9871794871794872
432	0.9743589743589743
433	0.9615384615384616
434	0.9487179487179487
435	0.9615384615384616
436	0.9358974358974359
437	0.9487179487179487
438	0.9487179487179487
439	0.9230769230769231
440	0.9743589743589743
441	0.9102564102564102
442	0.9358974358974359
443	0.9230769230769231
444	0.9871794871794872
445	0.9102564102564102
446	0.9871794871794872
447	0.9615384615384616
448	0.9230769230769231
449	0.9615384615384616
450	0.9358974358974359
451	0.9487179487179487
452	0.9230769230769231
453	0.9743589743589743
454	0.9871794871794872
455	0.9487179487179487
456	0.9615384615384616
457	0.9743589743589743
458	0.9487179487179487
459	0.9487179487179487
460	0.9743589743589743
461	0.9487179487179487
462	0.9743589743589743
463	0.9358974358974359
464	0.9358974358974359
465	0.9615384615384616
466	0.9615384615384616
467	0.9102564102564102
468	0.9615384615384616
469	0.9487179487179487
470	0.9743589743589743
471	0.9615384615384616
472	0.9487179487179487
473	0.9487179487179487
474	0.9487179487179487
475	0.9487179487179487
476	0.9615384615384616
477	0.9743589743589743
478	0.9743589743589743
479	0.9230769230769231
480	0.9358974358974359
481	0.9230769230769231
482	0.9871794871794872
483	0.9358974358974359
484	0.9871794871794872
485	0.9871794871794872
486	0.9871794871794872
487	0.9230769230769231
488	0.9615384615384616
489	0.9487179487179487
490	0.9487179487179487
491	0.9487179487179487
492	0.9358974358974359
493	0.9358974358974359
494	0.9230769230769231
495	0.9487179487179487
496	0.9615384615384616
497	0.9615384615384616
498	0.9102564102564102
499	0.9743589743589743
500	0.9358974358974359
501	0.9615384615384616
502	0.9743589743589743
503	0.9358974358974359
504	0.9615384615384616
505	0.9615384615384616
506	0.9615384615384616
507	0.9743589743589743
508	0.9230769230769231
509	0.9615384615384616
510	0.9358974358974359
511	0.9743589743589743
512	0.9615384615384616
513	0.9358974358974359
514	0.9230769230769231
515	0.9743589743589743
516	0.9615384615384616
517	0.9615384615384616
518	0.9743589743589743
519	0.9487179487179487
520	0.9102564102564102
521	0.9230769230769231
522	0.9487179487179487
523	0.9743589743589743
524	0.9358974358974359
525	0.9615384615384616
526	0.9743589743589743
527	0.9487179487179487
528	0.9487179487179487
529	0.9743589743589743
530	0.9230769230769231
531	0.9487179487179487
532	0.9230769230769231
533	0.9615384615384616
534	0.9358974358974359
535	0.9615384615384616
536	0.9487179487179487
537	0.9487179487179487
538	0.9487179487179487
539	0.9615384615384616
540	0.9743589743589743
541	0.9743589743589743
542	0.9230769230769231
543	0.9615384615384616
544	0.9358974358974359
545	0.9871794871794872
546	0.9871794871794872
547	0.9743589743589743
548	0.9871794871794872
549	0.9487179487179487
550	0.9743589743589743
551	0.9871794871794872
552	0.9743589743589743
553	0.9487179487179487
554	0.9743589743589743
555	0.9487179487179487
556	0.9615384615384616
557	0.9358974358974359
558	0.9871794871794872
559	1.0
560	0.9743589743589743
561	0.9487179487179487
562	0.9743589743589743
563	0.9487179487179487
564	0.9358974358974359
565	0.9743589743589743
566	0.9871794871794872
567	0.9871794871794872
568	0.9487179487179487
569	0.9743589743589743
570	0.9487179487179487
571	1.0
572	0.9615384615384616
573	0.9871794871794872
574	0.9871794871794872
575	0.9743589743589743
576	0.9487179487179487
577	0.9230769230769231
578	0.9358974358974359
579	0.9871794871794872
580	0.9487179487179487
581	0.9871794871794872
582	0.9615384615384616
583	0.9743589743589743
584	0.9358974358974359
585	0.9487179487179487
586	0.9487179487179487
587	0.9358974358974359
588	0.9743589743589743
589	0.9743589743589743
590	0.9230769230769231
591	0.9615384615384616
592	0.9743589743589743
593	0.9743589743589743
594	0.9615384615384616
595	1.0
596	0.9358974358974359
597	0.9102564102564102
598	0.9615384615384616
599	0.9615384615384616
600	0.9615384615384616
601	0.9487179487179487
602	0.9615384615384616
603	0.9615384615384616
604	0.9230769230769231
605	0.9615384615384616
606	0.9358974358974359
607	0.9615384615384616
608	0.9743589743589743
609	0.9871794871794872
610	0.9358974358974359
611	0.9615384615384616
612	0.9230769230769231
613	0.9615384615384616
614	0.9743589743589743
615	0.9743589743589743
616	0.9487179487179487
617	0.9615384615384616
618	0.9487179487179487
619	0.9487179487179487
620	0.9743589743589743
621	0.9615384615384616
622	0.9871794871794872
623	0.9615384615384616
624	0.9358974358974359
625	0.9743589743589743
626	0.9871794871794872
627	0.9743589743589743
628	0.9871794871794872
629	0.9615384615384616
630	0.9615384615384616
631	0.9871794871794872
632	0.9743589743589743
633	0.9743589743589743
634	0.9487179487179487
635	0.9615384615384616
636	0.9871794871794872
637	0.9487179487179487
638	0.9743589743589743
639	0.9487179487179487
640	0.9871794871794872
641	0.9230769230769231
642	0.9102564102564102
643	0.9743589743589743
644	0.9743589743589743
645	0.9487179487179487
646	0.9743589743589743
647	0.9615384615384616
648	0.9871794871794872
649	0.9487179487179487
650	0.9615384615384616
651	0.9487179487179487
652	0.9358974358974359
653	0.9487179487179487
654	1.0
655	1.0
656	0.9487179487179487
657	1.0
658	0.9743589743589743
659	0.9743589743589743
660	0.9743589743589743
661	0.9358974358974359
662	0.9487179487179487
663	0.9743589743589743
664	0.9871794871794872
665	0.9487179487179487
666	0.9615384615384616
667	0.9487179487179487
668	0.9871794871794872
669	0.9743589743589743
670	1.0
671	1.0
672	0.9871794871794872
673	0.9871794871794872
674	0.9871794871794872
675	0.9615384615384616
676	0.9743589743589743
677	0.9743589743589743
678	0.9615384615384616
679	0.9615384615384616
680	0.9743589743589743
681	0.9743589743589743
682	0.9743589743589743
683	0.9743589743589743
684	0.9743589743589743
685	0.9743589743589743
686	0.9871794871794872
687	0.9871794871794872
688	0.9487179487179487
689	0.9871794871794872
690	0.9743589743589743
691	0.9871794871794872
692	0.9487179487179487
693	0.9487179487179487
694	0.9871794871794872
695	0.9102564102564102
696	0.9871794871794872
697	0.9615384615384616
698	0.9358974358974359
699	0.9615384615384616
700	0.9615384615384616
701	0.9871794871794872
702	0.9615384615384616
703	0.9487179487179487
704	0.9358974358974359
705	1.0
706	0.9743589743589743
707	0.9487179487179487
708	0.9871794871794872
709	0.9487179487179487
710	0.9615384615384616
711	0.9615384615384616
712	1.0
713	0.9487179487179487
714	0.9871794871794872
715	0.9743589743589743
716	0.9743589743589743
717	0.9615384615384616
718	0.9743589743589743
719	1.0
720	0.9487179487179487
721	0.9871794871794872
722	0.9615384615384616
723	0.9743589743589743
724	0.9615384615384616
725	0.9871794871794872
726	0.9615384615384616
727	0.9615384615384616
728	0.9871794871794872
729	0.9743589743589743
730	0.9615384615384616
731	0.9871794871794872
732	0.9871794871794872
733	0.9743589743589743
734	0.9487179487179487
735	0.9358974358974359
736	0.9743589743589743
737	0.9615384615384616
738	0.9743589743589743
739	0.9615384615384616
740	0.9487179487179487
741	0.9743589743589743
742	0.9871794871794872
743	0.9871794871794872
744	0.9743589743589743
745	0.9487179487179487
746	0.9487179487179487
747	0.9743589743589743
748	0.9743589743589743
749	0.9743589743589743
750	0.9615384615384616
751	0.9487179487179487
752	0.9743589743589743
753	0.9615384615384616
754	0.9615384615384616
755	0.9615384615384616
756	1.0
757	0.9743589743589743
758	0.9615384615384616
759	0.9615384615384616
760	0.9871794871794872
761	0.9358974358974359
762	0.9871794871794872
763	0.9615384615384616
764	0.9871794871794872
765	0.9615384615384616
766	0.9743589743589743
767	0.9487179487179487
768	0.9871794871794872
769	0.9743589743589743
770	0.9615384615384616
771	0.9871794871794872
772	0.9743589743589743
773	0.9743589743589743
774	0.9743589743589743
775	0.9871794871794872
776	0.9487179487179487
777	1.0
778	0.9743589743589743
779	0.9743589743589743
780	0.9487179487179487
781	0.9871794871794872
782	0.9871794871794872
783	0.9871794871794872
784	0.9230769230769231
785	0.9487179487179487
786	0.9871794871794872
787	0.9871794871794872
788	0.9871794871794872
789	0.9743589743589743
790	0.9871794871794872
791	1.0
792	0.9871794871794872
793	1.0
794	0.9871794871794872
795	0.9615384615384616
796	0.9871794871794872
797	0.9871794871794872
798	0.9871794871794872
799	0.9871794871794872
800	0.9871794871794872
801	0.9358974358974359
802	0.9615384615384616
803	0.9871794871794872
804	0.9871794871794872
805	0.9358974358974359
806	0.9743589743589743
807	0.9487179487179487
808	0.9743589743589743
809	0.9871794871794872
810	0.9615384615384616
811	0.9615384615384616
812	0.9743589743589743
813	0.9871794871794872
814	0.9871794871794872
815	1.0
816	0.9743589743589743
817	0.9487179487179487
818	0.9487179487179487
819	0.9743589743589743
820	0.9743589743589743
821	0.9743589743589743
822	0.9743589743589743
823	0.9487179487179487
824	0.9871794871794872
825	0.9871794871794872
826	0.9743589743589743
827	1.0
828	0.9615384615384616
829	0.9743589743589743
830	0.9871794871794872
831	0.9615384615384616
832	0.9615384615384616
833	1.0
834	0.9743589743589743
835	0.9487179487179487
836	0.9871794871794872
837	0.9743589743589743
838	0.9743589743589743
839	0.9871794871794872
840	0.9871794871794872
841	0.9871794871794872
842	0.9871794871794872
843	0.9615384615384616
844	1.0
845	1.0
846	0.9871794871794872
847	0.9615384615384616
848	0.9871794871794872
849	0.9615384615384616
850	0.9871794871794872
851	0.9743589743589743
852	0.9871794871794872
853	0.9871794871794872
854	0.9871794871794872
855	0.9615384615384616
856	1.0
857	1.0
858	0.9871794871794872
859	0.9358974358974359
860	0.9871794871794872
861	0.9871794871794872
862	0.9871794871794872
863	0.9871794871794872
864	0.9615384615384616
865	0.9743589743589743
866	0.9487179487179487
867	0.9871794871794872
868	0.9871794871794872
869	0.9615384615384616
870	0.9358974358974359
871	0.9871794871794872
872	1.0
873	0.9743589743589743
874	1.0
875	1.0
876	0.9743589743589743
877	0.9487179487179487
878	0.9487179487179487
879	0.9871794871794872
880	0.9615384615384616
881	0.9743589743589743
882	0.9615384615384616
883	0.9615384615384616
884	0.9743589743589743
885	0.9743589743589743
886	0.9743589743589743
887	0.9487179487179487
888	0.9615384615384616
889	0.9358974358974359
890	0.9743589743589743
891	0.9743589743589743
892	0.9871794871794872
893	0.9871794871794872
894	1.0
895	0.9871794871794872
896	1.0
897	0.9230769230769231
898	1.0
899	0.9615384615384616
900	1.0
901	1.0
902	0.9743589743589743
903	0.9615384615384616
904	0.9743589743589743
905	0.9743589743589743
906	0.9615384615384616
907	0.9871794871794872
908	0.9743589743589743
909	0.9743589743589743
910	1.0
911	0.9743589743589743
912	0.9871794871794872
913	0.9871794871794872
914	0.9871794871794872
915	0.9871794871794872
916	0.9743589743589743
917	0.9871794871794872
918	0.9743589743589743
919	0.9615384615384616
920	0.9871794871794872
921	0.9743589743589743
922	0.9743589743589743
923	0.9871794871794872
924	0.9743589743589743
925	0.9743589743589743
926	0.9615384615384616
927	0.9743589743589743
928	0.9871794871794872
929	0.9743589743589743
930	0.9743589743589743
931	0.9743589743589743
932	0.9743589743589743
933	0.9871794871794872
934	0.9871794871794872
935	0.9743589743589743
936	1.0
937	0.9615384615384616
938	0.9871794871794872
939	0.9743589743589743
940	0.9615384615384616
941	0.9871794871794872
942	0.9871794871794872
943	0.9615384615384616
944	0.9871794871794872
945	0.9871794871794872
946	1.0
947	0.9871794871794872
948	0.9743589743589743
949	0.9871794871794872
950	0.9743589743589743
951	0.9743589743589743
952	0.9743589743589743
953	1.0
954	0.9358974358974359
955	1.0
956	1.0
957	0.9871794871794872
958	1.0
959	1.0
960	0.9871794871794872
961	1.0
962	0.9743589743589743
963	0.9871794871794872
964	1.0
965	0.9743589743589743
966	0.9871794871794872
967	0.9615384615384616
968	0.9743589743589743
969	0.9871794871794872
970	0.9871794871794872
971	0.9487179487179487
972	0.9871794871794872
973	1.0
974	0.9615384615384616
975	0.9871794871794872
976	0.9615384615384616
977	0.9487179487179487
978	0.9743589743589743
979	0.9743589743589743
980	0.9743589743589743
981	0.9871794871794872
982	0.9743589743589743
983	0.9743589743589743
984	0.9871794871794872
985	0.9871794871794872
986	0.9615384615384616
987	1.0
988	0.9743589743589743
989	1.0
990	0.9871794871794872
991	0.9487179487179487
992	0.9871794871794872
993	0.9487179487179487
994	0.9487179487179487
995	0.9615384615384616
996	1.0
997	0.9871794871794872
998	0.9743589743589743
999	1.0
1000	0.9743589743589743
