1	0.0165016501650165
2	0.036303630363036306
3	0.0627062706270627
4	0.11221122112211221
5	0.132013201320132
6	0.15841584158415842
7	0.20132013201320131
8	0.21782178217821782
9	0.23102310231023102
10	0.23432343234323433
11	0.25742574257425743
12	0.25742574257425743
13	0.2508250825082508
14	0.2607260726072607
15	0.3102310231023102
16	0.28052805280528054
17	0.32673267326732675
18	0.3102310231023102
19	0.31683168316831684
20	0.3333333333333333
21	0.3696369636963696
22	0.33663366336633666
23	0.3927392739273927
24	0.40594059405940597
25	0.37293729372937295
26	0.40924092409240925
27	0.41254125412541254
28	0.43234323432343236
29	0.41254125412541254
30	0.42244224422442245
31	0.4389438943894389
32	0.4752475247524752
33	0.44554455445544555
34	0.46534653465346537
35	0.46534653465346537
36	0.48184818481848185
37	0.4521452145214521
38	0.44554455445544555
39	0.47854785478547857
40	0.49174917491749176
41	0.5313531353135313
42	0.5478547854785478
43	0.5313531353135313
44	0.570957095709571
45	0.5775577557755776
46	0.5478547854785478
47	0.5511551155115512
48	0.5808580858085809
49	0.5907590759075908
50	0.6039603960396039
51	0.6072607260726073
52	0.5775577557755776
53	0.6006600660066007
54	0.5676567656765676
55	0.5841584158415841
56	0.6303630363036303
57	0.6303630363036303
58	0.6534653465346535
59	0.6435643564356436
60	0.6600660066006601
61	0.6666666666666666
62	0.7062706270627063
63	0.66996699669967
64	0.6666666666666666
65	0.6633663366336634
66	0.6633663366336634
67	0.6864686468646864
68	0.6567656765676567
69	0.6831683168316832
70	0.6963696369636964
71	0.693069306930693
72	0.7227722772277227
73	0.7326732673267327
74	0.7062706270627063
75	0.735973597359736
76	0.7392739273927392
77	0.7722772277227723
78	0.759075907590759
79	0.7491749174917491
80	0.7128712871287128
81	0.7425742574257426
82	0.7755775577557755
83	0.7491749174917491
84	0.7260726072607261
85	0.7854785478547854
86	0.7953795379537953
87	0.7986798679867987
88	0.7854785478547854
89	0.7755775577557755
90	0.7524752475247525
91	0.7755775577557755
92	0.8085808580858086
93	0.7986798679867987
94	0.7887788778877888
95	0.7854785478547854
96	0.7788778877887789
97	0.768976897689769
98	0.7722772277227723
99	0.7887788778877888
100	0.7887788778877888
101	0.7722772277227723
102	0.768976897689769
103	0.7887788778877888
104	0.7986798679867987
105	0.7854785478547854
106	0.8283828382838284
107	0.8316831683168316
108	0.7986798679867987
109	0.8184818481848185
110	0.8217821782178217
111	0.7788778877887789
112	0.8283828382838284
113	0.8217821782178217
114	0.8382838283828383
115	0.8052805280528053
116	0.8382838283828383
117	0.8184818481848185
118	0.8283828382838284
119	0.8547854785478548
120	0.8481848184818482
121	0.8613861386138614
122	0.8316831683168316
123	0.8547854785478548
124	0.8316831683168316
125	0.8646864686468647
126	0.858085808580858
127	0.8448844884488449
128	0.8646864686468647
129	0.8778877887788779
130	0.8712871287128713
131	0.8877887788778878
132	0.8844884488448845
133	0.8877887788778878
134	0.9075907590759076
135	0.8844884488448845
136	0.9042904290429042
137	0.858085808580858
138	0.9075907590759076
139	0.8877887788778878
140	0.8943894389438944
141	0.8910891089108911
142	0.8976897689768977
143	0.8976897689768977
144	0.8976897689768977
145	0.900990099009901
146	0.9108910891089109
147	0.9174917491749175
148	0.8712871287128713
149	0.8679867986798679
150	0.858085808580858
151	0.9108910891089109
152	0.900990099009901
153	0.9042904290429042
154	0.9042904290429042
155	0.8910891089108911
156	0.9075907590759076
157	0.9174917491749175
158	0.8712871287128713
159	0.8646864686468647
160	0.8976897689768977
161	0.8976897689768977
162	0.8943894389438944
163	0.8910891089108911
164	0.9537953795379538
165	0.8877887788778878
166	0.9075907590759076
167	0.9141914191419142
168	0.900990099009901
169	0.8844884488448845
170	0.9075907590759076
171	0.900990099009901
172	0.9240924092409241
173	0.9240924092409241
174	0.9438943894389439
175	0.9471947194719472
176	0.9372937293729373
177	0.9273927392739274
178	0.9240924092409241
179	0.8976897689768977
180	0.8943894389438944
181	0.9306930693069307
182	0.9471947194719472
183	0.9174917491749175
184	0.9174917491749175
185	0.933993399339934
186	0.9108910891089109
187	0.9306930693069307
188	0.9174917491749175
189	0.9240924092409241
190	0.9372937293729373
191	0.9075907590759076
192	0.9438943894389439
193	0.9471947194719472
194	0.9405940594059405
195	0.933993399339934
196	0.9042904290429042
197	0.933993399339934
198	0.9504950495049505
199	0.9174917491749175
200	0.9141914191419142
201	0.933993399339934
202	0.9504950495049505
203	0.9438943894389439
204	0.9306930693069307
205	0.9438943894389439
206	0.9372937293729373
207	0.9174917491749175
208	0.933993399339934
209	0.9471947194719472
210	0.9240924092409241
211	0.9471947194719472
212	0.9405940594059405
213	0.9042904290429042
214	0.9108910891089109
215	0.9174917491749175
216	0.9372937293729373
217	0.9438943894389439
218	0.9141914191419142
219	0.9207920792079208
220	0.9240924092409241
221	0.9306930693069307
222	0.9174917491749175
223	0.9372937293729373
224	0.9438943894389439
225	0.9306930693069307
226	0.9438943894389439
227	0.9636963696369637
228	0.9570957095709571
229	0.9372937293729373
230	0.9504950495049505
231	0.9405940594059405
232	0.9174917491749175
233	0.9471947194719472
234	0.9471947194719472
235	0.9306930693069307
236	0.9405940594059405
237	0.9636963696369637
238	0.933993399339934
239	0.9372937293729373
240	0.9306930693069307
241	0.9306930693069307
242	0.9405940594059405
243	0.9372937293729373
244	0.966996699669967
245	0.9702970297029703
246	0.9471947194719472
247	0.9504950495049505
248	0.9372937293729373
249	0.9570957095709571
250	0.9405940594059405
251	0.9603960396039604
252	0.9537953795379538
253	0.9636963696369637
254	0.9504950495049505
255	0.9702970297029703
256	0.9372937293729373
257	0.9537953795379538
258	0.933993399339934
259	0.9735973597359736
260	0.9636963696369637
261	0.9603960396039604
262	0.9636963696369637
263	0.9603960396039604
264	0.9504950495049505
265	0.9504950495049505
266	0.9603960396039604
267	0.9603960396039604
268	0.9471947194719472
269	0.9570957095709571
270	0.9537953795379538
271	0.9537953795379538
272	0.9570957095709571
273	0.9504950495049505
274	0.9372937293729373
275	0.9438943894389439
276	0.9504950495049505
277	0.9405940594059405
278	0.966996699669967
279	0.9504950495049505
280	0.9702970297029703
281	0.9504950495049505
282	0.9471947194719472
283	0.976897689768977
284	0.9405940594059405
285	0.9372937293729373
286	0.9702970297029703
287	0.9636963696369637
288	0.9702970297029703
289	0.976897689768977
290	0.9405940594059405
291	0.9372937293729373
292	0.9537953795379538
293	0.9636963696369637
294	0.9570957095709571
295	0.9735973597359736
296	0.9735973597359736
297	0.9636963696369637
298	0.976897689768977
299	0.9735973597359736
300	0.9570957095709571
301	0.9636963696369637
302	0.9702970297029703
303	0.9801980198019802
304	0.966996699669967
305	0.9900990099009901
306	0.9735973597359736
307	0.9636963696369637
308	0.9603960396039604
309	0.966996699669967
310	0.9537953795379538
311	0.9702970297029703
312	0.9603960396039604
313	0.9834983498349835
314	0.9636963696369637
315	0.9537953795379538
316	0.9735973597359736
317	0.9702970297029703
318	0.9636963696369637
319	0.9603960396039604
320	0.9702970297029703
321	0.976897689768977
322	0.9900990099009901
323	0.976897689768977
324	0.9801980198019802
325	0.976897689768977
326	0.9801980198019802
327	0.9603960396039604
328	0.9636963696369637
329	0.9834983498349835
330	0.9933993399339934
331	0.976897689768977
332	0.9702970297029703
333	0.9702970297029703
334	0.9735973597359736
335	0.9735973597359736
336	0.9801980198019802
337	0.9900990099009901
338	0.9834983498349835
339	0.9900990099009901
340	0.976897689768977
341	0.9735973597359736
342	0.9702970297029703
343	0.966996699669967
344	0.976897689768977
345	0.9867986798679867
346	0.9702970297029703
347	0.9900990099009901
348	0.9900990099009901
349	0.9834983498349835
350	0.9834983498349835
351	0.9867986798679867
352	0.9834983498349835
353	0.9900990099009901
354	0.9933993399339934
355	0.9867986798679867
356	0.9867986798679867
357	0.9801980198019802
358	0.9966996699669967
359	0.9933993399339934
360	0.9933993399339934
361	0.9966996699669967
362	1.0
363	1.0
364	0.9900990099009901
365	0.9867986798679867
366	0.9966996699669967
367	0.9867986798679867
368	0.9867986798679867
369	0.9900990099009901
370	0.9867986798679867
371	0.9867986798679867
372	0.9801980198019802
373	0.9801980198019802
374	0.9834983498349835
375	0.9900990099009901
376	0.9867986798679867
377	0.9801980198019802
378	0.9735973597359736
379	0.9867986798679867
380	0.9933993399339934
381	0.9867986798679867
382	0.9966996699669967
383	1.0
384	0.9933993399339934
385	0.9966996699669967
386	0.9966996699669967
387	0.9966996699669967
388	0.9966996699669967
389	0.9933993399339934
390	0.9966996699669967
391	1.0
392	0.9966996699669967
393	0.9966996699669967
394	0.9933993399339934
395	0.9867986798679867
396	0.9867986798679867
397	0.9966996699669967
398	0.9966996699669967
399	0.9900990099009901
400	0.9900990099009901
401	0.9867986798679867
402	0.9834983498349835
403	0.9900990099009901
404	0.9834983498349835
405	0.9867986798679867
406	0.9966996699669967
407	0.9966996699669967
408	0.9900990099009901
409	0.9900990099009901
410	0.9966996699669967
411	0.9966996699669967
412	0.9933993399339934
413	0.9900990099009901
414	0.9933993399339934
415	0.9900990099009901
416	0.9933993399339934
417	0.976897689768977
418	0.9933993399339934
419	0.9966996699669967
420	0.9966996699669967
421	0.9966996699669967
422	0.9933993399339934
423	0.9900990099009901
424	0.9966996699669967
425	0.9867986798679867
426	0.9933993399339934
427	0.9933993399339934
428	1.0
429	0.9933993399339934
430	0.9933993399339934
431	0.9966996699669967
432	0.9966996699669967
433	0.9966996699669967
434	0.9933993399339934
435	1.0
436	0.9966996699669967
437	0.9834983498349835
438	0.9966996699669967
439	0.9834983498349835
440	0.9900990099009901
441	0.9933993399339934
442	0.9900990099009901
443	0.9900990099009901
444	1.0
445	1.0
446	0.9966996699669967
447	0.9900990099009901
448	0.9933993399339934
449	0.9900990099009901
450	0.9933993399339934
451	0.9933993399339934
452	1.0
453	1.0
454	1.0
455	0.9900990099009901
456	0.9900990099009901
457	0.9966996699669967
458	0.9900990099009901
459	0.9933993399339934
460	0.9933993399339934
461	0.9933993399339934
462	0.9834983498349835
463	0.9834983498349835
464	0.9933993399339934
465	0.9966996699669967
466	0.9966996699669967
467	1.0
468	0.9966996699669967
469	0.9966996699669967
470	0.9900990099009901
471	0.9966996699669967
472	0.9933993399339934
473	1.0
474	0.9966996699669967
475	1.0
476	0.9966996699669967
477	0.9966996699669967
478	0.9966996699669967
479	0.9966996699669967
480	1.0
481	1.0
482	1.0
483	1.0
484	0.9966996699669967
485	0.9933993399339934
486	0.9933993399339934
487	0.9966996699669967
488	0.9966996699669967
489	0.9966996699669967
490	1.0
491	0.9933993399339934
492	0.9966996699669967
493	1.0
494	0.9900990099009901
495	0.9966996699669967
496	0.9966996699669967
497	1.0
498	0.9966996699669967
499	0.9966996699669967
500	0.9966996699669967
