1	0.027960526315789474
2	0.03453947368421053
3	0.05592105263157895
4	0.09210526315789473
5	0.09539473684210527
6	0.10526315789473684
7	0.12006578947368421
8	0.14144736842105263
9	0.13322368421052633
10	0.15460526315789475
11	0.14967105263157895
12	0.17269736842105263
13	0.1611842105263158
14	0.14309210526315788
15	0.17105263157894737
16	0.17763157894736842
17	0.1611842105263158
18	0.18914473684210525
19	0.19078947368421054
20	0.20723684210526316
21	0.22203947368421054
22	0.22532894736842105
23	0.20723684210526316
24	0.21217105263157895
25	0.24835526315789475
26	0.2631578947368421
27	0.2845394736842105
28	0.29276315789473684
29	0.2730263157894737
30	0.3059210526315789
31	0.29769736842105265
32	0.32730263157894735
33	0.34210526315789475
34	0.3782894736842105
35	0.3470394736842105
36	0.3338815789473684
37	0.3519736842105263
38	0.38980263157894735
39	0.3832236842105263
40	0.4161184210526316
41	0.4095394736842105
42	0.41776315789473684
43	0.44901315789473684
44	0.45230263157894735
45	0.4292763157894737
46	0.44901315789473684
47	0.4555921052631579
48	0.48026315789473684
49	0.45394736842105265
50	0.4555921052631579
51	0.5049342105263158
52	0.48026315789473684
53	0.4786184210526316
54	0.4654605263157895
55	0.524671052631579
56	0.5032894736842105
57	0.5131578947368421
58	0.5328947368421053
59	0.5345394736842105
60	0.5180921052631579
61	0.537828947368421
62	0.5131578947368421
63	0.5345394736842105
64	0.569078947368421
65	0.5296052631578947
66	0.5394736842105263
67	0.5444078947368421
68	0.5592105263157895
69	0.5625
70	0.5328947368421053
71	0.5592105263157895
72	0.587171052631579
73	0.5608552631578947
74	0.5394736842105263
75	0.5608552631578947
76	0.6101973684210527
77	0.5756578947368421
78	0.59375
79	0.6069078947368421
80	0.600328947368421
81	0.5674342105263158
82	0.5888157894736842
83	0.5773026315789473
84	0.59375
85	0.6118421052631579
86	0.6381578947368421
87	0.6200657894736842
88	0.631578947368421
89	0.6233552631578947
90	0.6118421052631579
91	0.6217105263157895
92	0.6019736842105263
93	0.6134868421052632
94	0.6233552631578947
95	0.6381578947368421
96	0.618421052631579
97	0.6578947368421053
98	0.6776315789473685
99	0.6299342105263158
100	0.6233552631578947
101	0.6644736842105263
102	0.662828947368421
103	0.6776315789473685
104	0.6661184210526315
105	0.6430921052631579
106	0.6677631578947368
107	0.6513157894736842
108	0.6578947368421053
109	0.6677631578947368
110	0.6842105263157895
111	0.6990131578947368
112	0.6957236842105263
113	0.6973684210526315
114	0.6792763157894737
115	0.6858552631578947
116	0.6661184210526315
117	0.6990131578947368
118	0.6726973684210527
119	0.6875
120	0.725328947368421
121	0.7203947368421053
122	0.7055921052631579
123	0.71875
124	0.712171052631579
125	0.7236842105263158
126	0.7171052631578947
127	0.725328947368421
128	0.7154605263157895
129	0.7088815789473685
130	0.7203947368421053
131	0.7154605263157895
132	0.7417763157894737
133	0.7203947368421053
134	0.7302631578947368
135	0.7335526315789473
136	0.7055921052631579
137	0.7384868421052632
138	0.7483552631578947
139	0.7467105263157895
140	0.7467105263157895
141	0.7648026315789473
142	0.7351973684210527
143	0.7319078947368421
144	0.7450657894736842
145	0.7631578947368421
146	0.7467105263157895
147	0.75
148	0.7680921052631579
149	0.7730263157894737
150	0.7615131578947368
151	0.7598684210526315
152	0.774671052631579
153	0.7631578947368421
154	0.7582236842105263
155	0.7911184210526315
156	0.7796052631578947
157	0.7894736842105263
158	0.7664473684210527
159	0.7779605263157895
160	0.7927631578947368
161	0.7730263157894737
162	0.8009868421052632
163	0.787828947368421
164	0.7697368421052632
165	0.8042763157894737
166	0.8108552631578947
167	0.8125
168	0.78125
169	0.7944078947368421
170	0.8108552631578947
171	0.7763157894736842
172	0.7976973684210527
173	0.8026315789473685
174	0.7911184210526315
175	0.7763157894736842
176	0.7960526315789473
177	0.8042763157894737
178	0.8009868421052632
179	0.8240131578947368
180	0.837171052631579
181	0.7993421052631579
182	0.8273026315789473
183	0.8108552631578947
184	0.8026315789473685
185	0.8141447368421053
186	0.8174342105263158
187	0.8174342105263158
188	0.7976973684210527
189	0.8273026315789473
190	0.8305921052631579
191	0.8223684210526315
192	0.8289473684210527
193	0.8223684210526315
194	0.819078947368421
195	0.8240131578947368
196	0.8108552631578947
197	0.8207236842105263
198	0.8108552631578947
199	0.8355263157894737
200	0.8355263157894737
201	0.8141447368421053
202	0.8273026315789473
203	0.8453947368421053
204	0.8388157894736842
205	0.84375
206	0.8355263157894737
207	0.8470394736842105
208	0.8240131578947368
209	0.8388157894736842
210	0.8404605263157895
211	0.8453947368421053
212	0.837171052631579
213	0.8223684210526315
214	0.8601973684210527
215	0.8338815789473685
216	0.837171052631579
217	0.84375
218	0.8388157894736842
219	0.850328947368421
220	0.850328947368421
221	0.8552631578947368
222	0.819078947368421
223	0.8618421052631579
224	0.837171052631579
225	0.8601973684210527
226	0.8667763157894737
227	0.8634868421052632
228	0.850328947368421
229	0.8618421052631579
230	0.8338815789473685
231	0.8634868421052632
232	0.8486842105263158
233	0.8700657894736842
234	0.8618421052631579
235	0.8832236842105263
236	0.8585526315789473
237	0.8717105263157895
238	0.8552631578947368
239	0.8618421052631579
240	0.8470394736842105
241	0.8799342105263158
242	0.8601973684210527
243	0.881578947368421
244	0.8799342105263158
245	0.8634868421052632
246	0.8832236842105263
247	0.8667763157894737
248	0.8552631578947368
249	0.8733552631578947
250	0.8766447368421053
251	0.881578947368421
252	0.8569078947368421
253	0.881578947368421
254	0.9095394736842105
255	0.8733552631578947
256	0.8947368421052632
257	0.8766447368421053
258	0.8930921052631579
259	0.8914473684210527
260	0.9095394736842105
261	0.9177631578947368
262	0.9013157894736842
263	0.8898026315789473
264	0.899671052631579
265	0.9078947368421053
266	0.8963815789473685
267	0.9078947368421053
268	0.8782894736842105
269	0.8848684210526315
270	0.8898026315789473
271	0.9029605263157895
272	0.8963815789473685
273	0.9095394736842105
274	0.8963815789473685
275	0.8980263157894737
276	0.9095394736842105
277	0.9161184210526315
278	0.899671052631579
279	0.8930921052631579
280	0.9029605263157895
281	0.90625
282	0.9078947368421053
283	0.9177631578947368
284	0.912828947368421
285	0.9194078947368421
286	0.912828947368421
287	0.9046052631578947
288	0.9029605263157895
289	0.9013157894736842
290	0.90625
291	0.8898026315789473
292	0.9144736842105263
293	0.912828947368421
294	0.8552631578947368
295	0.9046052631578947
296	0.9078947368421053
297	0.9078947368421053
298	0.912828947368421
299	0.9161184210526315
300	0.899671052631579
301	0.9046052631578947
302	0.9194078947368421
303	0.9144736842105263
304	0.90625
305	0.9161184210526315
306	0.9095394736842105
307	0.930921052631579
308	0.9095394736842105
309	0.912828947368421
310	0.9078947368421053
311	0.9029605263157895
312	0.9194078947368421
313	0.9407894736842105
314	0.9424342105263158
315	0.9078947368421053
316	0.9243421052631579
317	0.9259868421052632
318	0.899671052631579
319	0.9078947368421053
320	0.9342105263157895
321	0.9292763157894737
322	0.90625
323	0.9161184210526315
324	0.944078947368421
325	0.9210526315789473
326	0.9276315789473685
327	0.9259868421052632
328	0.912828947368421
329	0.9210526315789473
330	0.930921052631579
331	0.930921052631579
332	0.9210526315789473
333	0.9375
334	0.9177631578947368
335	0.9276315789473685
336	0.9292763157894737
337	0.9226973684210527
338	0.9292763157894737
339	0.9407894736842105
340	0.9342105263157895
341	0.9457236842105263
342	0.9325657894736842
343	0.930921052631579
344	0.9325657894736842
345	0.9210526315789473
346	0.930921052631579
347	0.9342105263157895
348	0.9226973684210527
349	0.9259868421052632
350	0.9161184210526315
351	0.9210526315789473
352	0.9177631578947368
353	0.9144736842105263
354	0.9226973684210527
355	0.9259868421052632
356	0.9342105263157895
357	0.9144736842105263
358	0.9095394736842105
359	0.9226973684210527
360	0.9226973684210527
361	0.9276315789473685
362	0.9457236842105263
363	0.9391447368421053
364	0.9375
365	0.930921052631579
366	0.9358552631578947
367	0.9375
368	0.9523026315789473
369	0.9457236842105263
370	0.9375
371	0.9473684210526315
372	0.930921052631579
373	0.9375
374	0.9243421052631579
375	0.9161184210526315
376	0.9226973684210527
377	0.9226973684210527
378	0.9391447368421053
379	0.930921052631579
380	0.9375
381	0.9358552631578947
382	0.930921052631579
383	0.9358552631578947
384	0.9177631578947368
385	0.9243421052631579
386	0.9424342105263158
387	0.9292763157894737
388	0.9276315789473685
389	0.9342105263157895
390	0.912828947368421
391	0.9424342105263158
392	0.9424342105263158
393	0.9457236842105263
394	0.9555921052631579
395	0.9407894736842105
396	0.9325657894736842
397	0.9375
398	0.9490131578947368
399	0.930921052631579
400	0.9407894736842105
401	0.9276315789473685
402	0.9358552631578947
403	0.9391447368421053
404	0.9391447368421053
405	0.9325657894736842
406	0.9325657894736842
407	0.9342105263157895
408	0.9473684210526315
409	0.9457236842105263
410	0.9391447368421053
411	0.9490131578947368
412	0.9424342105263158
413	0.9276315789473685
414	0.9292763157894737
415	0.9259868421052632
416	0.9506578947368421
417	0.9523026315789473
418	0.9473684210526315
419	0.9457236842105263
420	0.9424342105263158
421	0.9375
422	0.9358552631578947
423	0.9391447368421053
424	0.9506578947368421
425	0.9457236842105263
426	0.9325657894736842
427	0.9523026315789473
428	0.9424342105263158
429	0.9654605263157895
430	0.944078947368421
431	0.9539473684210527
432	0.96875
433	0.9407894736842105
434	0.9605263157894737
435	0.9588815789473685
436	0.9407894736842105
437	0.9588815789473685
438	0.9605263157894737
439	0.9424342105263158
440	0.9490131578947368
441	0.9572368421052632
442	0.944078947368421
443	0.9424342105263158
444	0.9457236842105263
445	0.9654605263157895
446	0.9523026315789473
447	0.9572368421052632
448	0.9506578947368421
449	0.944078947368421
450	0.9588815789473685
451	0.9523026315789473
452	0.9473684210526315
453	0.9457236842105263
454	0.9555921052631579
455	0.9473684210526315
456	0.9473684210526315
457	0.9523026315789473
458	0.9457236842105263
459	0.9572368421052632
460	0.9457236842105263
461	0.9473684210526315
462	0.9506578947368421
463	0.9638157894736842
464	0.9325657894736842
465	0.9572368421052632
466	0.9605263157894737
467	0.9572368421052632
468	0.9539473684210527
469	0.9555921052631579
470	0.9605263157894737
471	0.962171052631579
472	0.9539473684210527
473	0.9539473684210527
474	0.96875
475	0.9539473684210527
476	0.9720394736842105
477	0.9555921052631579
478	0.9638157894736842
479	0.9506578947368421
480	0.9671052631578947
481	0.9703947368421053
482	0.9588815789473685
483	0.9407894736842105
484	0.9671052631578947
485	0.9523026315789473
486	0.9572368421052632
487	0.9572368421052632
488	0.962171052631579
489	0.9671052631578947
490	0.9703947368421053
491	0.9555921052631579
492	0.96875
493	0.9588815789473685
494	0.9588815789473685
495	0.9588815789473685
496	0.9424342105263158
497	0.9490131578947368
498	0.9572368421052632
499	0.9720394736842105
500	0.962171052631579
501	0.9671052631578947
502	0.9605263157894737
503	0.9523026315789473
504	0.96875
505	0.9769736842105263
506	0.9654605263157895
507	0.962171052631579
508	0.9638157894736842
509	0.9638157894736842
510	0.9638157894736842
511	0.962171052631579
512	0.9671052631578947
513	0.962171052631579
514	0.9555921052631579
515	0.9572368421052632
516	0.9638157894736842
517	0.9588815789473685
518	0.96875
519	0.9736842105263158
520	0.9523026315789473
521	0.9638157894736842
522	0.9539473684210527
523	0.9638157894736842
524	0.962171052631579
525	0.9523026315789473
526	0.9555921052631579
527	0.944078947368421
528	0.9671052631578947
529	0.9703947368421053
530	0.9638157894736842
531	0.9523026315789473
532	0.9769736842105263
533	0.9490131578947368
534	0.9473684210526315
535	0.962171052631579
536	0.96875
537	0.9654605263157895
538	0.9654605263157895
539	0.9605263157894737
540	0.975328947368421
541	0.96875
542	0.9572368421052632
543	0.9506578947368421
544	0.9671052631578947
545	0.962171052631579
546	0.9605263157894737
547	0.975328947368421
548	0.9588815789473685
549	0.9555921052631579
550	0.9671052631578947
551	0.9555921052631579
552	0.9638157894736842
553	0.9671052631578947
554	0.9572368421052632
555	0.9671052631578947
556	0.9671052631578947
557	0.9572368421052632
558	0.9703947368421053
559	0.9539473684210527
560	0.9720394736842105
561	0.9572368421052632
562	0.9523026315789473
563	0.9703947368421053
564	0.9802631578947368
565	0.9588815789473685
566	0.9720394736842105
567	0.9736842105263158
568	0.9720394736842105
569	0.9572368421052632
570	0.975328947368421
571	0.975328947368421
572	0.96875
573	0.9539473684210527
574	0.9736842105263158
575	0.9523026315789473
576	0.9572368421052632
577	0.9736842105263158
578	0.9605263157894737
579	0.9671052631578947
580	0.9703947368421053
581	0.975328947368421
582	0.9769736842105263
583	0.9588815789473685
584	0.9703947368421053
585	0.975328947368421
586	0.9588815789473685
587	0.9654605263157895
588	0.9703947368421053
589	0.9720394736842105
590	0.96875
591	0.9703947368421053
592	0.9703947368421053
593	0.975328947368421
594	0.9736842105263158
595	0.9671052631578947
596	0.9638157894736842
597	0.9654605263157895
598	0.9703947368421053
599	0.9720394736842105
600	0.9769736842105263
601	0.9819078947368421
602	0.9802631578947368
603	0.9720394736842105
604	0.96875
605	0.9703947368421053
606	0.9819078947368421
607	0.9588815789473685
608	0.975328947368421
609	0.9638157894736842
610	0.9736842105263158
611	0.9605263157894737
612	0.96875
613	0.9736842105263158
614	0.9786184210526315
615	0.9720394736842105
616	0.9736842105263158
617	0.9720394736842105
618	0.96875
619	0.96875
620	0.9605263157894737
621	0.9703947368421053
622	0.9736842105263158
623	0.9786184210526315
624	0.9819078947368421
625	0.9720394736842105
626	0.96875
627	0.9786184210526315
628	0.9736842105263158
629	0.9720394736842105
630	0.975328947368421
631	0.975328947368421
632	0.9769736842105263
633	0.9654605263157895
634	0.9605263157894737
635	0.975328947368421
636	0.9720394736842105
637	0.9671052631578947
638	0.975328947368421
639	0.975328947368421
640	0.9819078947368421
641	0.9786184210526315
642	0.9819078947368421
643	0.9703947368421053
644	0.9835526315789473
645	0.9671052631578947
646	0.9802631578947368
647	0.9769736842105263
648	0.9835526315789473
649	0.9819078947368421
650	0.9802631578947368
651	0.9703947368421053
652	0.9802631578947368
653	0.9802631578947368
654	0.9819078947368421
655	0.9835526315789473
656	0.975328947368421
657	0.9736842105263158
658	0.9671052631578947
659	0.975328947368421
660	0.9588815789473685
661	0.96875
662	0.96875
663	0.9720394736842105
664	0.9901315789473685
665	0.9851973684210527
666	0.9736842105263158
667	0.9736842105263158
668	0.9786184210526315
669	0.96875
670	0.96875
671	0.9802631578947368
672	0.9835526315789473
673	0.9802631578947368
674	0.9654605263157895
675	0.9769736842105263
676	0.9703947368421053
677	0.9819078947368421
678	0.9802631578947368
679	0.9786184210526315
680	0.975328947368421
681	0.9851973684210527
682	0.9786184210526315
683	0.975328947368421
684	0.975328947368421
685	0.975328947368421
686	0.9703947368421053
687	0.9868421052631579
688	0.9638157894736842
689	0.9802631578947368
690	0.9802631578947368
691	0.9720394736842105
692	0.9736842105263158
693	0.9703947368421053
694	0.975328947368421
695	0.9819078947368421
696	0.9786184210526315
697	0.9868421052631579
698	0.9851973684210527
699	0.9736842105263158
700	0.9802631578947368
701	0.9720394736842105
702	0.9671052631578947
703	0.9769736842105263
704	0.9802631578947368
705	0.9786184210526315
706	0.9868421052631579
707	0.9819078947368421
708	0.9671052631578947
709	0.9703947368421053
710	0.9769736842105263
711	0.9769736842105263
712	0.9703947368421053
713	0.9736842105263158
714	0.9802631578947368
715	0.9851973684210527
716	0.9851973684210527
717	0.9835526315789473
718	0.975328947368421
719	0.9802631578947368
720	0.9819078947368421
721	0.9835526315789473
722	0.9819078947368421
723	0.9851973684210527
724	0.9901315789473685
725	0.9769736842105263
726	0.9736842105263158
727	0.9819078947368421
728	0.9819078947368421
729	0.9868421052631579
730	0.9769736842105263
731	0.9884868421052632
732	0.9769736842105263
733	0.962171052631579
734	0.975328947368421
735	0.9769736842105263
736	0.9786184210526315
737	0.9868421052631579
738	0.9786184210526315
739	0.9851973684210527
740	0.9851973684210527
741	0.9819078947368421
742	0.9736842105263158
743	0.9868421052631579
744	0.9786184210526315
745	0.9835526315789473
746	0.975328947368421
747	0.9819078947368421
748	0.9802631578947368
749	0.9802631578947368
750	0.9819078947368421
751	0.9851973684210527
752	0.9786184210526315
753	0.9736842105263158
754	0.9786184210526315
755	0.9819078947368421
756	0.975328947368421
757	0.9802631578947368
758	0.9851973684210527
759	0.9851973684210527
760	0.9835526315789473
761	0.9720394736842105
762	0.9901315789473685
763	0.9819078947368421
764	0.9819078947368421
765	0.9868421052631579
766	0.975328947368421
767	0.9917763157894737
768	0.9802631578947368
769	0.9769736842105263
770	0.9868421052631579
771	0.9868421052631579
772	0.9851973684210527
773	0.9884868421052632
774	0.9786184210526315
775	0.9819078947368421
776	0.9786184210526315
777	0.9835526315789473
778	0.9851973684210527
779	0.9901315789473685
780	0.9769736842105263
781	0.9851973684210527
782	0.9868421052631579
783	0.9868421052631579
784	0.9868421052631579
785	0.9851973684210527
786	0.9884868421052632
787	0.9802631578947368
788	0.9769736842105263
789	0.9802631578947368
790	0.9769736842105263
791	0.9819078947368421
792	0.9901315789473685
793	0.9720394736842105
794	0.9835526315789473
795	0.9835526315789473
796	0.993421052631579
797	0.9884868421052632
798	0.9851973684210527
799	0.9851973684210527
800	0.993421052631579
801	0.9835526315789473
802	0.9835526315789473
803	0.9917763157894737
804	0.9786184210526315
805	0.9769736842105263
806	0.9851973684210527
807	0.9901315789473685
808	0.9769736842105263
809	0.9901315789473685
810	0.9851973684210527
811	0.9901315789473685
812	0.9769736842105263
813	0.9851973684210527
814	0.9786184210526315
815	0.9802631578947368
816	0.9835526315789473
817	0.975328947368421
818	0.9835526315789473
819	0.9901315789473685
820	0.9851973684210527
821	0.9835526315789473
822	0.9884868421052632
823	0.9835526315789473
824	0.9835526315789473
825	0.9851973684210527
826	0.9901315789473685
827	0.975328947368421
828	0.9851973684210527
829	0.9868421052631579
830	0.9802631578947368
831	0.9835526315789473
832	0.9901315789473685
833	0.993421052631579
834	0.9868421052631579
835	0.9983552631578947
836	0.9983552631578947
837	0.9802631578947368
838	0.9769736842105263
839	0.9835526315789473
840	0.9835526315789473
841	0.9736842105263158
842	0.9868421052631579
843	0.975328947368421
844	0.9819078947368421
845	0.9868421052631579
846	0.9868421052631579
847	0.9819078947368421
848	0.9851973684210527
849	0.9851973684210527
850	0.9802631578947368
851	0.9950657894736842
852	0.9819078947368421
853	0.9917763157894737
854	0.9786184210526315
855	0.9819078947368421
856	0.9851973684210527
857	0.9950657894736842
858	0.9901315789473685
859	0.9851973684210527
860	0.9851973684210527
861	0.9851973684210527
862	0.9835526315789473
863	0.9917763157894737
864	0.9868421052631579
865	0.993421052631579
866	0.9967105263157895
867	0.9786184210526315
868	0.9835526315789473
869	0.9819078947368421
870	0.9901315789473685
871	0.9851973684210527
872	0.9786184210526315
873	0.9901315789473685
874	0.9917763157894737
875	0.993421052631579
876	0.9917763157894737
877	0.9819078947368421
878	0.9835526315789473
879	0.9835526315789473
880	0.9819078947368421
881	0.9851973684210527
882	0.993421052631579
883	0.993421052631579
884	0.9884868421052632
885	0.9917763157894737
886	0.9901315789473685
887	0.9884868421052632
888	0.9851973684210527
889	0.9819078947368421
890	0.9884868421052632
891	0.9884868421052632
892	0.9884868421052632
893	0.9819078947368421
894	0.9967105263157895
895	0.9819078947368421
896	0.9917763157894737
897	0.993421052631579
898	0.9901315789473685
899	0.993421052631579
900	0.9884868421052632
901	0.9901315789473685
902	0.993421052631579
903	0.993421052631579
904	0.9917763157894737
905	0.9868421052631579
906	0.9884868421052632
907	0.9851973684210527
908	0.9917763157894737
909	0.9851973684210527
910	0.9884868421052632
911	0.9851973684210527
912	0.9901315789473685
913	0.993421052631579
914	0.9835526315789473
915	0.9835526315789473
916	0.9868421052631579
917	0.9835526315789473
918	0.9851973684210527
919	0.9884868421052632
920	0.9917763157894737
921	0.9851973684210527
922	0.9868421052631579
923	0.9983552631578947
924	0.9901315789473685
925	0.9901315789473685
926	0.9851973684210527
927	0.9884868421052632
928	0.9868421052631579
929	0.993421052631579
930	0.9967105263157895
931	0.993421052631579
932	0.9868421052631579
933	0.9917763157894737
934	0.9868421052631579
935	0.993421052631579
936	0.9868421052631579
937	0.9786184210526315
938	0.9967105263157895
939	0.9950657894736842
940	0.9950657894736842
941	0.9868421052631579
942	0.9851973684210527
943	0.9917763157894737
944	0.9901315789473685
945	0.9901315789473685
946	0.9835526315789473
947	0.9868421052631579
948	0.9983552631578947
949	0.9851973684210527
950	0.9884868421052632
951	0.9868421052631579
952	0.993421052631579
953	0.9901315789473685
954	0.9950657894736842
955	0.9884868421052632
956	0.9835526315789473
957	0.993421052631579
958	0.9917763157894737
959	0.9884868421052632
960	0.9901315789473685
961	0.9901315789473685
962	0.9950657894736842
963	0.9950657894736842
964	0.9884868421052632
965	0.9917763157894737
966	0.9835526315789473
967	0.9950657894736842
968	0.9901315789473685
969	0.9917763157894737
970	0.9917763157894737
971	0.9868421052631579
972	0.9884868421052632
973	0.9884868421052632
974	0.993421052631579
975	0.9917763157894737
976	0.9901315789473685
977	0.9917763157894737
978	0.9901315789473685
979	0.9950657894736842
980	0.9917763157894737
981	0.9950657894736842
982	0.9983552631578947
983	0.9884868421052632
984	0.993421052631579
985	0.9917763157894737
986	0.9917763157894737
987	0.993421052631579
988	0.993421052631579
989	0.9983552631578947
990	0.9901315789473685
991	0.9917763157894737
992	0.9884868421052632
993	0.9983552631578947
994	0.9950657894736842
995	0.993421052631579
996	0.9917763157894737
997	0.9967105263157895
998	0.993421052631579
999	0.9868421052631579
1000	0.9868421052631579
