1	0.06229508196721312
2	0.06557377049180328
3	0.05245901639344262
4	0.09836065573770492
5	0.11147540983606558
6	0.14098360655737704
7	0.13114754098360656
8	0.18360655737704917
9	0.17049180327868851
10	0.19672131147540983
11	0.19672131147540983
12	0.21311475409836064
13	0.26885245901639343
14	0.28524590163934427
15	0.26885245901639343
16	0.2819672131147541
17	0.23934426229508196
18	0.2983606557377049
19	0.3442622950819672
20	0.34098360655737703
21	0.3377049180327869
22	0.4131147540983607
23	0.4163934426229508
24	0.4163934426229508
25	0.4721311475409836
26	0.46229508196721314
27	0.5114754098360655
28	0.5147540983606558
29	0.5311475409836065
30	0.5377049180327869
31	0.5639344262295082
32	0.6
33	0.580327868852459
34	0.5934426229508196
35	0.6163934426229508
36	0.6
37	0.5901639344262295
38	0.6262295081967213
39	0.6885245901639344
40	0.6655737704918033
41	0.6655737704918033
42	0.6688524590163935
43	0.7049180327868853
44	0.6918032786885245
45	0.7180327868852459
46	0.7245901639344262
47	0.7311475409836066
48	0.6983606557377049
49	0.7311475409836066
50	0.7475409836065574
51	0.7639344262295082
52	0.7475409836065574
53	0.7540983606557377
54	0.7639344262295082
55	0.7278688524590164
56	0.7934426229508197
57	0.7737704918032787
58	0.7836065573770492
59	0.7836065573770492
60	0.7901639344262295
61	0.7901639344262295
62	0.7868852459016393
63	0.780327868852459
64	0.7737704918032787
65	0.7737704918032787
66	0.760655737704918
67	0.7639344262295082
68	0.8098360655737705
69	0.7737704918032787
70	0.7967213114754098
71	0.7967213114754098
72	0.8426229508196721
73	0.7967213114754098
74	0.7868852459016393
75	0.8262295081967214
76	0.7934426229508197
77	0.8131147540983606
78	0.8295081967213115
79	0.8426229508196721
80	0.8786885245901639
81	0.819672131147541
82	0.8229508196721311
83	0.8491803278688524
84	0.8327868852459016
85	0.8360655737704918
86	0.8622950819672132
87	0.8131147540983606
88	0.8622950819672132
89	0.8622950819672132
90	0.8688524590163934
91	0.8590163934426229
92	0.8754098360655738
93	0.8918032786885246
94	0.8754098360655738
95	0.8885245901639345
96	0.8950819672131147
97	0.8327868852459016
98	0.8590163934426229
99	0.8721311475409836
100	0.8819672131147541
101	0.8852459016393442
102	0.9016393442622951
103	0.9147540983606557
104	0.9344262295081968
105	0.9147540983606557
106	0.8950819672131147
107	0.9081967213114754
108	0.9016393442622951
109	0.898360655737705
110	0.9114754098360656
111	0.8786885245901639
112	0.9081967213114754
113	0.898360655737705
114	0.9081967213114754
115	0.8885245901639345
116	0.9245901639344263
117	0.9245901639344263
118	0.9245901639344263
119	0.9147540983606557
120	0.9311475409836065
121	0.9377049180327869
122	0.940983606557377
123	0.9147540983606557
124	0.9311475409836065
125	0.9311475409836065
126	0.9344262295081968
127	0.9147540983606557
128	0.9180327868852459
129	0.9245901639344263
130	0.9344262295081968
131	0.9475409836065574
132	0.9475409836065574
133	0.9475409836065574
134	0.9573770491803278
135	0.9311475409836065
136	0.9311475409836065
137	0.940983606557377
138	0.9540983606557377
139	0.9508196721311475
140	0.9344262295081968
141	0.940983606557377
142	0.940983606557377
143	0.9344262295081968
144	0.9311475409836065
145	0.9344262295081968
146	0.9377049180327869
147	0.9311475409836065
148	0.9180327868852459
149	0.9147540983606557
150	0.9475409836065574
151	0.940983606557377
152	0.9475409836065574
153	0.9508196721311475
154	0.9147540983606557
155	0.940983606557377
156	0.9377049180327869
157	0.9540983606557377
158	0.9639344262295082
159	0.9442622950819672
160	0.9475409836065574
161	0.9508196721311475
162	0.940983606557377
163	0.9475409836065574
164	0.980327868852459
165	0.9508196721311475
166	0.9606557377049181
167	0.9377049180327869
168	0.9442622950819672
169	0.9442622950819672
170	0.9540983606557377
171	0.9442622950819672
172	0.9606557377049181
173	0.9442622950819672
174	0.9344262295081968
175	0.9672131147540983
176	0.9508196721311475
177	0.940983606557377
178	0.9377049180327869
179	0.9540983606557377
180	0.9639344262295082
181	0.9508196721311475
182	0.9672131147540983
183	0.9639344262295082
184	0.9770491803278688
185	0.9540983606557377
186	0.9606557377049181
187	0.9606557377049181
188	0.9704918032786886
189	0.9475409836065574
190	0.9540983606557377
191	0.980327868852459
192	0.9606557377049181
193	0.940983606557377
194	0.9377049180327869
195	0.9672131147540983
196	0.9770491803278688
197	0.9540983606557377
198	0.9573770491803278
199	0.9573770491803278
200	0.9606557377049181
201	0.9573770491803278
202	0.9606557377049181
203	0.9475409836065574
204	0.9639344262295082
205	0.9573770491803278
206	0.9442622950819672
207	0.9508196721311475
208	0.9606557377049181
209	0.9672131147540983
210	0.9540983606557377
211	0.9639344262295082
212	0.9704918032786886
213	0.9770491803278688
214	0.9704918032786886
215	0.9540983606557377
216	0.9573770491803278
217	0.9475409836065574
218	0.9672131147540983
219	0.9606557377049181
220	0.9573770491803278
221	0.9639344262295082
222	0.9770491803278688
223	0.9868852459016394
224	0.9868852459016394
225	0.9934426229508196
226	0.9704918032786886
227	0.9704918032786886
228	0.980327868852459
229	0.9704918032786886
230	0.9737704918032787
231	0.9770491803278688
232	0.9770491803278688
233	0.9868852459016394
234	0.9737704918032787
235	0.9606557377049181
236	0.9737704918032787
237	0.9836065573770492
238	0.9639344262295082
239	0.9508196721311475
240	0.9311475409836065
241	0.9573770491803278
242	0.9704918032786886
243	0.9770491803278688
244	0.9672131147540983
245	0.9737704918032787
246	0.9770491803278688
247	0.9672131147540983
248	0.9737704918032787
249	0.9704918032786886
250	0.9770491803278688
251	0.9606557377049181
252	0.9606557377049181
253	0.9704918032786886
254	0.9639344262295082
255	0.980327868852459
256	0.9704918032786886
257	0.9868852459016394
258	0.9868852459016394
259	0.9737704918032787
260	0.9672131147540983
261	0.9672131147540983
262	0.9704918032786886
263	0.9836065573770492
264	0.980327868852459
265	0.9901639344262295
266	0.980327868852459
267	0.9672131147540983
268	0.9836065573770492
269	0.9737704918032787
270	0.980327868852459
271	0.980327868852459
272	0.9836065573770492
273	0.9836065573770492
274	0.9737704918032787
275	0.9737704918032787
276	0.9704918032786886
277	0.9770491803278688
278	0.9868852459016394
279	0.9901639344262295
280	0.9836065573770492
281	0.980327868852459
282	0.9836065573770492
283	0.9704918032786886
284	0.9770491803278688
285	0.980327868852459
286	0.980327868852459
287	0.980327868852459
288	0.9901639344262295
289	0.9836065573770492
290	1.0
291	0.9967213114754099
292	0.9868852459016394
293	0.9901639344262295
294	0.9836065573770492
295	0.980327868852459
296	0.9868852459016394
297	0.9770491803278688
298	0.9737704918032787
299	0.9901639344262295
300	0.9934426229508196
301	0.9836065573770492
302	0.980327868852459
303	0.9901639344262295
304	0.9901639344262295
305	0.9868852459016394
306	0.9967213114754099
307	0.9967213114754099
308	0.980327868852459
309	0.9868852459016394
310	0.9967213114754099
311	0.9967213114754099
312	0.9868852459016394
313	0.9967213114754099
314	0.9901639344262295
315	1.0
316	0.9967213114754099
317	0.9967213114754099
318	1.0
319	0.9934426229508196
320	0.9967213114754099
321	0.9967213114754099
322	0.9901639344262295
323	0.9967213114754099
324	0.9934426229508196
325	0.9934426229508196
326	0.9901639344262295
327	1.0
328	0.9967213114754099
329	1.0
330	0.9967213114754099
331	1.0
332	1.0
333	0.9901639344262295
334	0.9868852459016394
335	0.9868852459016394
336	0.9901639344262295
337	0.9836065573770492
338	0.9934426229508196
339	0.9934426229508196
340	0.9868852459016394
341	0.9934426229508196
342	0.9901639344262295
343	0.9868852459016394
344	0.9967213114754099
345	0.9967213114754099
346	0.9967213114754099
347	0.9934426229508196
348	0.9934426229508196
349	0.9901639344262295
350	0.9901639344262295
351	0.9901639344262295
352	0.9901639344262295
353	0.9934426229508196
354	0.9934426229508196
355	0.9934426229508196
356	0.9967213114754099
357	0.9967213114754099
358	0.9901639344262295
359	0.9934426229508196
360	0.9967213114754099
361	0.9934426229508196
362	1.0
363	0.9967213114754099
364	1.0
365	0.9967213114754099
366	0.9967213114754099
367	0.9967213114754099
368	1.0
369	0.9967213114754099
370	1.0
371	1.0
372	1.0
373	1.0
374	1.0
375	1.0
376	1.0
377	1.0
378	1.0
379	1.0
380	1.0
381	1.0
382	0.9967213114754099
383	0.9967213114754099
384	0.9901639344262295
385	0.9934426229508196
386	0.9967213114754099
387	0.9967213114754099
388	0.9967213114754099
389	1.0
390	1.0
391	0.9934426229508196
392	0.9967213114754099
393	0.9967213114754099
394	0.9967213114754099
395	0.9967213114754099
396	0.9967213114754099
397	0.9967213114754099
398	1.0
399	1.0
400	1.0
401	1.0
402	1.0
403	1.0
404	0.9967213114754099
405	0.9967213114754099
406	0.9967213114754099
407	1.0
408	0.9967213114754099
409	1.0
410	1.0
411	1.0
412	1.0
413	1.0
414	1.0
415	1.0
416	1.0
417	1.0
418	1.0
419	1.0
420	0.9934426229508196
421	0.9967213114754099
422	1.0
423	0.9967213114754099
424	1.0
425	1.0
426	1.0
427	0.9967213114754099
428	0.9967213114754099
429	0.9967213114754099
430	1.0
431	1.0
432	1.0
433	1.0
434	1.0
435	1.0
436	1.0
437	1.0
438	1.0
439	1.0
440	0.9967213114754099
441	1.0
442	1.0
443	1.0
444	1.0
445	1.0
446	1.0
447	1.0
448	1.0
449	1.0
450	1.0
451	0.9967213114754099
452	0.9967213114754099
453	0.9967213114754099
454	0.9967213114754099
455	0.9967213114754099
456	0.9967213114754099
457	1.0
458	1.0
459	0.9967213114754099
460	1.0
461	1.0
462	1.0
463	0.9967213114754099
464	0.9967213114754099
465	1.0
466	1.0
467	1.0
468	1.0
469	1.0
470	1.0
471	1.0
472	1.0
473	1.0
474	1.0
475	1.0
476	1.0
477	1.0
478	0.9967213114754099
479	1.0
480	1.0
481	1.0
482	1.0
483	1.0
484	1.0
485	1.0
486	1.0
487	1.0
488	1.0
489	1.0
490	1.0
491	1.0
492	1.0
493	1.0
494	1.0
495	1.0
496	1.0
497	0.9967213114754099
498	1.0
499	1.0
500	0.9967213114754099
501	0.9967213114754099
502	1.0
503	1.0
504	0.9967213114754099
505	1.0
506	1.0
507	0.9967213114754099
508	0.9967213114754099
509	1.0
510	1.0
511	1.0
512	0.9967213114754099
513	1.0
514	1.0
515	1.0
516	1.0
517	1.0
518	1.0
519	1.0
520	1.0
521	1.0
522	1.0
523	1.0
524	1.0
525	1.0
526	1.0
527	1.0
528	1.0
529	1.0
530	1.0
531	1.0
532	1.0
533	1.0
534	1.0
535	1.0
536	1.0
537	1.0
538	1.0
539	1.0
540	1.0
541	1.0
542	1.0
543	1.0
544	1.0
545	1.0
546	1.0
547	1.0
548	1.0
549	1.0
550	1.0
551	1.0
552	1.0
553	1.0
554	0.9967213114754099
555	0.9967213114754099
556	1.0
557	1.0
558	1.0
559	1.0
560	1.0
561	1.0
562	1.0
563	1.0
564	1.0
565	1.0
566	1.0
567	1.0
568	1.0
569	1.0
570	1.0
571	1.0
572	1.0
573	1.0
574	1.0
575	1.0
576	1.0
577	1.0
578	1.0
579	1.0
580	1.0
581	1.0
582	1.0
583	1.0
584	1.0
585	1.0
586	1.0
587	1.0
588	0.9967213114754099
589	1.0
590	0.9967213114754099
591	1.0
592	0.9967213114754099
593	1.0
594	1.0
595	1.0
596	1.0
597	1.0
598	1.0
599	1.0
600	1.0
601	1.0
602	1.0
603	1.0
604	1.0
605	1.0
606	1.0
607	1.0
608	0.9967213114754099
609	1.0
610	1.0
611	1.0
612	1.0
613	1.0
614	1.0
615	1.0
616	1.0
617	0.9967213114754099
618	1.0
619	1.0
620	1.0
621	1.0
622	1.0
623	1.0
624	1.0
625	1.0
626	1.0
627	1.0
628	1.0
629	1.0
630	1.0
631	1.0
632	1.0
633	1.0
634	1.0
635	1.0
636	1.0
637	1.0
638	1.0
639	1.0
640	1.0
641	1.0
642	1.0
643	1.0
644	1.0
645	1.0
646	1.0
647	1.0
648	1.0
649	1.0
650	1.0
651	1.0
652	1.0
653	1.0
654	1.0
655	1.0
656	1.0
657	1.0
658	1.0
659	1.0
660	1.0
661	1.0
662	1.0
663	1.0
664	1.0
665	0.9967213114754099
666	1.0
667	1.0
668	1.0
669	1.0
670	1.0
671	1.0
672	1.0
673	1.0
674	1.0
675	1.0
676	1.0
677	1.0
678	1.0
679	1.0
680	1.0
681	1.0
682	1.0
683	1.0
684	1.0
685	1.0
686	1.0
687	0.9967213114754099
688	1.0
689	1.0
690	0.9967213114754099
691	1.0
692	1.0
693	1.0
694	1.0
695	1.0
696	1.0
697	1.0
698	1.0
699	1.0
700	1.0
701	1.0
702	1.0
703	1.0
704	1.0
705	1.0
706	1.0
707	1.0
708	1.0
709	1.0
710	1.0
711	1.0
712	1.0
713	1.0
714	1.0
715	1.0
716	1.0
717	1.0
718	1.0
719	1.0
720	1.0
721	1.0
722	1.0
723	1.0
724	1.0
725	1.0
726	1.0
727	1.0
728	1.0
729	1.0
730	1.0
731	0.9967213114754099
732	1.0
733	1.0
734	1.0
735	1.0
736	1.0
737	1.0
738	1.0
739	1.0
740	1.0
741	1.0
742	1.0
743	1.0
744	1.0
745	1.0
746	0.9967213114754099
747	1.0
748	1.0
749	1.0
750	0.9934426229508196
751	1.0
752	1.0
753	1.0
754	1.0
755	1.0
756	1.0
757	1.0
758	1.0
759	1.0
760	1.0
761	1.0
762	1.0
763	1.0
764	1.0
765	1.0
766	1.0
767	1.0
768	1.0
769	1.0
770	1.0
771	1.0
772	1.0
773	1.0
774	1.0
775	1.0
776	0.9967213114754099
777	1.0
778	1.0
779	1.0
780	0.9967213114754099
781	1.0
782	1.0
783	1.0
784	1.0
785	1.0
786	1.0
787	1.0
788	1.0
789	1.0
790	1.0
791	1.0
792	1.0
793	1.0
794	1.0
795	1.0
796	1.0
797	1.0
798	1.0
799	1.0
800	1.0
801	1.0
802	1.0
803	0.9967213114754099
804	1.0
805	1.0
806	1.0
807	1.0
808	1.0
809	1.0
810	1.0
811	1.0
812	0.9967213114754099
813	1.0
814	1.0
815	1.0
816	1.0
817	1.0
818	1.0
819	1.0
820	1.0
821	1.0
822	1.0
823	0.9967213114754099
824	1.0
825	1.0
826	1.0
827	1.0
828	1.0
829	1.0
830	1.0
831	1.0
832	1.0
833	1.0
834	1.0
835	1.0
836	1.0
837	1.0
838	1.0
839	1.0
840	1.0
841	1.0
842	1.0
843	1.0
844	1.0
845	1.0
846	1.0
847	1.0
848	1.0
849	1.0
850	1.0
851	1.0
852	1.0
853	1.0
854	1.0
855	1.0
856	1.0
857	1.0
858	1.0
859	1.0
860	1.0
861	1.0
862	1.0
863	1.0
864	1.0
865	1.0
866	1.0
867	1.0
868	1.0
869	1.0
870	1.0
871	1.0
872	1.0
873	1.0
874	0.9967213114754099
875	0.9967213114754099
876	1.0
877	1.0
878	1.0
879	1.0
880	1.0
881	1.0
882	1.0
883	1.0
884	1.0
885	1.0
886	0.9967213114754099
887	1.0
888	1.0
889	1.0
890	1.0
891	1.0
892	1.0
893	1.0
894	1.0
895	1.0
896	1.0
897	1.0
898	1.0
899	1.0
900	0.9967213114754099
901	1.0
902	0.9967213114754099
903	0.9967213114754099
904	1.0
905	1.0
906	1.0
907	1.0
908	1.0
909	0.9967213114754099
910	0.9967213114754099
911	1.0
912	1.0
913	1.0
914	1.0
915	1.0
916	1.0
917	1.0
918	1.0
919	1.0
920	1.0
921	1.0
922	1.0
923	1.0
924	1.0
925	1.0
926	1.0
927	1.0
928	1.0
929	1.0
930	1.0
931	1.0
932	1.0
933	1.0
934	1.0
935	1.0
936	1.0
937	1.0
938	1.0
939	0.9967213114754099
940	1.0
941	1.0
942	1.0
943	1.0
944	1.0
945	1.0
946	1.0
947	1.0
948	1.0
949	1.0
950	1.0
951	1.0
952	0.9967213114754099
953	0.9967213114754099
954	1.0
955	1.0
956	1.0
957	1.0
958	1.0
959	1.0
960	1.0
961	1.0
962	1.0
963	1.0
964	1.0
965	1.0
966	1.0
967	1.0
968	1.0
969	1.0
970	1.0
971	1.0
972	1.0
973	0.9967213114754099
974	1.0
975	1.0
976	1.0
977	1.0
978	1.0
979	1.0
980	1.0
981	1.0
982	1.0
983	1.0
984	1.0
985	1.0
986	1.0
987	1.0
988	1.0
989	1.0
990	1.0
991	1.0
992	1.0
993	1.0
994	1.0
995	0.9967213114754099
996	0.9967213114754099
997	1.0
998	1.0
999	1.0
1000	1.0
