1	0.05844155844155844
2	0.11688311688311688
3	0.15584415584415584
4	0.17532467532467533
5	0.15584415584415584
6	0.24025974025974026
7	0.2597402597402597
8	0.2857142857142857
9	0.2727272727272727
10	0.34415584415584416
11	0.33766233766233766
12	0.42857142857142855
13	0.461038961038961
14	0.43506493506493504
15	0.4935064935064935
16	0.44805194805194803
17	0.461038961038961
18	0.5454545454545454
19	0.6038961038961039
20	0.5844155844155844
21	0.577922077922078
22	0.5844155844155844
23	0.5194805194805194
24	0.5714285714285714
25	0.5844155844155844
26	0.6168831168831169
27	0.5909090909090909
28	0.6363636363636364
29	0.5714285714285714
30	0.512987012987013
31	0.6038961038961039
32	0.6103896103896104
33	0.5584415584415584
34	0.551948051948052
35	0.6298701298701299
36	0.5844155844155844
37	0.6363636363636364
38	0.6948051948051948
39	0.6233766233766234
40	0.6038961038961039
41	0.6428571428571429
42	0.6753246753246753
43	0.6558441558441559
44	0.6493506493506493
45	0.6363636363636364
46	0.6493506493506493
47	0.6753246753246753
48	0.6818181818181818
49	0.6948051948051948
50	0.7142857142857143
51	0.6363636363636364
52	0.7012987012987013
53	0.6818181818181818
54	0.7012987012987013
55	0.6753246753246753
56	0.7207792207792207
57	0.6753246753246753
58	0.6818181818181818
59	0.6883116883116883
60	0.7207792207792207
61	0.7597402597402597
62	0.6883116883116883
63	0.7012987012987013
64	0.6623376623376623
65	0.7402597402597403
66	0.6948051948051948
67	0.7272727272727273
68	0.7337662337662337
69	0.7792207792207793
70	0.7532467532467533
71	0.7402597402597403
72	0.7402597402597403
73	0.7597402597402597
74	0.8051948051948052
75	0.7792207792207793
76	0.7857142857142857
77	0.8246753246753247
78	0.8506493506493507
79	0.7987012987012987
80	0.8701298701298701
81	0.8571428571428571
82	0.8506493506493507
83	0.8246753246753247
84	0.8246753246753247
85	0.8311688311688312
86	0.8181818181818182
87	0.8311688311688312
88	0.8051948051948052
89	0.8571428571428571
90	0.8116883116883117
91	0.8376623376623377
92	0.8506493506493507
93	0.8116883116883117
94	0.8506493506493507
95	0.7922077922077922
96	0.8441558441558441
97	0.8506493506493507
98	0.8896103896103896
99	0.8896103896103896
100	0.9025974025974026
101	0.8246753246753247
102	0.9025974025974026
103	0.8636363636363636
104	0.8571428571428571
105	0.8701298701298701
106	0.8766233766233766
107	0.8701298701298701
108	0.8506493506493507
109	0.8831168831168831
110	0.8831168831168831
111	0.8376623376623377
112	0.8896103896103896
113	0.9285714285714286
114	0.8896103896103896
115	0.8961038961038961
116	0.9025974025974026
117	0.8831168831168831
118	0.9090909090909091
119	0.8636363636363636
120	0.8766233766233766
121	0.8376623376623377
122	0.9090909090909091
123	0.8636363636363636
124	0.8831168831168831
125	0.9025974025974026
126	0.935064935064935
127	0.9025974025974026
128	0.922077922077922
129	0.922077922077922
130	0.922077922077922
131	0.948051948051948
132	0.9025974025974026
133	0.9155844155844156
134	0.9285714285714286
135	0.9155844155844156
136	0.8896103896103896
137	0.935064935064935
138	0.922077922077922
139	0.8766233766233766
140	0.922077922077922
141	0.9090909090909091
142	0.9155844155844156
143	0.9155844155844156
144	0.922077922077922
145	0.8831168831168831
146	0.8961038961038961
147	0.8896103896103896
148	0.9155844155844156
149	0.9285714285714286
150	0.948051948051948
151	0.961038961038961
152	0.922077922077922
153	0.922077922077922
154	0.9675324675324676
155	0.8961038961038961
156	0.8961038961038961
157	0.9155844155844156
158	0.9545454545454546
159	0.922077922077922
160	0.922077922077922
161	0.961038961038961
162	0.922077922077922
163	0.9285714285714286
164	0.9090909090909091
165	0.922077922077922
166	0.9155844155844156
167	0.9090909090909091
168	0.9285714285714286
169	0.9090909090909091
170	0.9090909090909091
171	0.9155844155844156
172	0.922077922077922
173	0.9415584415584416
174	0.9155844155844156
175	0.9675324675324676
176	0.961038961038961
177	0.961038961038961
178	0.948051948051948
179	0.961038961038961
180	0.948051948051948
181	0.948051948051948
182	0.9090909090909091
183	0.9025974025974026
184	0.9415584415584416
185	0.9285714285714286
186	0.9545454545454546
187	0.922077922077922
188	0.922077922077922
189	0.9155844155844156
190	0.9415584415584416
191	0.9675324675324676
192	0.9415584415584416
193	0.9155844155844156
194	0.948051948051948
195	0.961038961038961
196	0.9545454545454546
197	0.935064935064935
198	0.9805194805194806
199	0.948051948051948
200	0.9545454545454546
201	0.9415584415584416
202	0.9545454545454546
203	0.9805194805194806
204	0.961038961038961
205	0.935064935064935
206	0.9545454545454546
207	0.961038961038961
208	0.9415584415584416
209	0.987012987012987
210	0.961038961038961
211	0.9415584415584416
212	0.922077922077922
213	0.961038961038961
214	0.9415584415584416
215	0.9285714285714286
216	0.948051948051948
217	0.9675324675324676
218	0.9675324675324676
219	0.987012987012987
220	0.948051948051948
221	0.9545454545454546
222	0.961038961038961
223	0.948051948051948
224	0.9675324675324676
225	0.9545454545454546
226	0.935064935064935
227	0.9285714285714286
228	0.9285714285714286
229	0.961038961038961
230	0.935064935064935
231	0.9285714285714286
232	0.9545454545454546
233	0.9675324675324676
234	0.961038961038961
235	0.9545454545454546
236	0.974025974025974
237	0.9415584415584416
238	0.961038961038961
239	0.9545454545454546
240	0.948051948051948
241	0.948051948051948
242	0.974025974025974
243	0.9675324675324676
244	0.9545454545454546
245	0.9675324675324676
246	0.948051948051948
247	0.9675324675324676
248	0.9415584415584416
249	0.9805194805194806
250	0.974025974025974
251	0.9805194805194806
252	0.961038961038961
253	0.9675324675324676
254	0.948051948051948
255	0.9805194805194806
256	0.987012987012987
257	0.987012987012987
258	0.9675324675324676
259	0.9545454545454546
260	0.974025974025974
261	0.948051948051948
262	0.9805194805194806
263	0.987012987012987
264	0.974025974025974
265	0.9545454545454546
266	0.9675324675324676
267	0.961038961038961
268	0.9675324675324676
269	0.9805194805194806
270	0.9805194805194806
271	0.935064935064935
272	0.974025974025974
273	0.9545454545454546
274	0.974025974025974
275	0.987012987012987
276	0.9805194805194806
277	0.9805194805194806
278	0.9805194805194806
279	0.974025974025974
280	0.9675324675324676
281	0.9675324675324676
282	0.9805194805194806
283	0.9545454545454546
284	0.9675324675324676
285	0.9415584415584416
286	0.9805194805194806
287	0.9675324675324676
288	0.974025974025974
289	0.974025974025974
290	0.987012987012987
291	0.961038961038961
292	0.974025974025974
293	0.9805194805194806
294	0.974025974025974
295	0.974025974025974
296	0.974025974025974
297	0.9805194805194806
298	0.974025974025974
299	0.9545454545454546
300	0.9805194805194806
301	0.974025974025974
302	0.9675324675324676
303	0.987012987012987
304	0.974025974025974
305	0.9545454545454546
306	0.948051948051948
307	0.9805194805194806
308	0.9675324675324676
309	0.9805194805194806
310	0.9935064935064936
311	0.9935064935064936
312	0.9545454545454546
313	0.987012987012987
314	0.987012987012987
315	0.974025974025974
316	0.987012987012987
317	0.9935064935064936
318	0.987012987012987
319	0.987012987012987
320	0.974025974025974
321	0.9545454545454546
322	0.987012987012987
323	0.974025974025974
324	0.987012987012987
325	0.974025974025974
326	0.9805194805194806
327	0.9935064935064936
328	0.9805194805194806
329	0.9805194805194806
330	0.9805194805194806
331	1.0
332	0.9805194805194806
333	0.9805194805194806
334	0.974025974025974
335	0.9805194805194806
336	0.9935064935064936
337	0.9805194805194806
338	0.9805194805194806
339	0.9935064935064936
340	0.961038961038961
341	0.9805194805194806
342	0.987012987012987
343	0.974025974025974
344	0.974025974025974
345	0.9805194805194806
346	0.9805194805194806
347	0.974025974025974
348	0.961038961038961
349	0.9805194805194806
350	0.9935064935064936
351	0.987012987012987
352	0.9805194805194806
353	0.9805194805194806
354	0.961038961038961
355	0.974025974025974
356	0.974025974025974
357	0.987012987012987
358	0.9805194805194806
359	0.9935064935064936
360	0.987012987012987
361	0.9805194805194806
362	0.9805194805194806
363	0.9675324675324676
364	0.974025974025974
365	0.9545454545454546
366	0.9935064935064936
367	0.987012987012987
368	0.9805194805194806
369	0.987012987012987
370	1.0
371	0.987012987012987
372	0.987012987012987
373	0.9935064935064936
374	0.987012987012987
375	0.987012987012987
376	0.974025974025974
377	0.974025974025974
378	0.987012987012987
379	0.948051948051948
380	0.9935064935064936
381	0.9935064935064936
382	0.9805194805194806
383	0.987012987012987
384	0.9935064935064936
385	0.987012987012987
386	0.9805194805194806
387	1.0
388	0.9935064935064936
389	1.0
390	0.9935064935064936
391	0.9935064935064936
392	0.987012987012987
393	0.9935064935064936
394	0.9935064935064936
395	0.9805194805194806
396	0.9675324675324676
397	0.987012987012987
398	0.9935064935064936
399	0.987012987012987
400	1.0
401	0.987012987012987
402	0.987012987012987
403	1.0
404	1.0
405	0.9935064935064936
406	1.0
407	0.9935064935064936
408	0.987012987012987
409	0.9805194805194806
410	0.974025974025974
411	0.974025974025974
412	0.9805194805194806
413	0.974025974025974
414	0.987012987012987
415	0.987012987012987
416	0.9805194805194806
417	0.9935064935064936
418	0.9935064935064936
419	0.9805194805194806
420	0.9935064935064936
421	0.9805194805194806
422	0.987012987012987
423	0.987012987012987
424	0.9935064935064936
425	0.987012987012987
426	1.0
427	0.9935064935064936
428	0.9935064935064936
429	0.9805194805194806
430	1.0
431	0.987012987012987
432	0.9935064935064936
433	0.9805194805194806
434	1.0
435	0.9675324675324676
436	0.948051948051948
437	1.0
438	0.987012987012987
439	0.9935064935064936
440	0.987012987012987
441	0.9935064935064936
442	0.987012987012987
443	0.9805194805194806
444	0.987012987012987
445	0.9805194805194806
446	1.0
447	0.987012987012987
448	0.9935064935064936
449	0.9935064935064936
450	1.0
451	0.9805194805194806
452	0.9935064935064936
453	0.974025974025974
454	0.987012987012987
455	0.987012987012987
456	0.9935064935064936
457	1.0
458	0.9935064935064936
459	0.9805194805194806
460	0.974025974025974
461	0.987012987012987
462	1.0
463	1.0
464	0.9935064935064936
465	0.9935064935064936
466	0.9935064935064936
467	0.987012987012987
468	0.974025974025974
469	0.9805194805194806
470	0.9805194805194806
471	0.9805194805194806
472	0.9935064935064936
473	0.974025974025974
474	0.974025974025974
475	0.974025974025974
476	0.987012987012987
477	0.987012987012987
478	0.987012987012987
479	1.0
480	0.9935064935064936
481	1.0
482	0.9805194805194806
483	1.0
484	0.9805194805194806
485	0.9805194805194806
486	0.9935064935064936
487	0.987012987012987
488	0.974025974025974
489	0.9805194805194806
490	0.987012987012987
491	0.987012987012987
492	0.974025974025974
493	0.9935064935064936
494	0.9935064935064936
495	1.0
496	0.987012987012987
497	0.9805194805194806
498	1.0
499	1.0
500	1.0
501	1.0
502	0.987012987012987
503	0.987012987012987
504	0.987012987012987
505	0.9935064935064936
506	0.9935064935064936
507	0.9805194805194806
508	0.9805194805194806
509	0.987012987012987
510	0.9935064935064936
511	0.9805194805194806
512	0.9935064935064936
513	1.0
514	0.987012987012987
515	0.9805194805194806
516	0.9935064935064936
517	0.9935064935064936
518	0.9935064935064936
519	0.987012987012987
520	0.9805194805194806
521	0.9935064935064936
522	0.9935064935064936
523	0.987012987012987
524	0.9935064935064936
525	0.987012987012987
526	0.9805194805194806
527	0.987012987012987
528	0.987012987012987
529	0.987012987012987
530	0.987012987012987
531	0.974025974025974
532	0.987012987012987
533	0.9935064935064936
534	0.9935064935064936
535	0.9935064935064936
536	1.0
537	0.9935064935064936
538	0.9805194805194806
539	0.987012987012987
540	0.9805194805194806
541	0.974025974025974
542	0.974025974025974
543	0.974025974025974
544	0.9935064935064936
545	0.987012987012987
546	0.9935064935064936
547	0.987012987012987
548	0.987012987012987
549	0.9805194805194806
550	0.987012987012987
551	0.987012987012987
552	0.9805194805194806
553	0.9805194805194806
554	0.987012987012987
555	0.974025974025974
556	0.9805194805194806
557	0.987012987012987
558	0.9805194805194806
559	0.9805194805194806
560	0.9935064935064936
561	0.987012987012987
562	1.0
563	0.987012987012987
564	0.974025974025974
565	0.9805194805194806
566	0.974025974025974
567	0.987012987012987
568	0.987012987012987
569	0.987012987012987
570	0.987012987012987
571	0.987012987012987
572	0.987012987012987
573	1.0
574	0.9935064935064936
575	0.9935064935064936
576	0.9805194805194806
577	0.9805194805194806
578	0.9935064935064936
579	0.974025974025974
580	0.9935064935064936
581	1.0
582	0.9935064935064936
583	0.9935064935064936
584	1.0
585	1.0
586	1.0
587	0.9935064935064936
588	0.9935064935064936
589	0.9675324675324676
590	0.987012987012987
591	0.987012987012987
592	0.9935064935064936
593	0.987012987012987
594	0.987012987012987
595	0.974025974025974
596	0.9935064935064936
597	0.9935064935064936
598	0.9935064935064936
599	1.0
600	1.0
601	0.9935064935064936
602	0.987012987012987
603	0.987012987012987
604	1.0
605	0.9935064935064936
606	0.9935064935064936
607	0.987012987012987
608	0.9805194805194806
609	0.9935064935064936
610	0.9935064935064936
611	1.0
612	0.987012987012987
613	0.987012987012987
614	0.987012987012987
615	0.9935064935064936
616	1.0
617	0.987012987012987
618	0.9935064935064936
619	0.987012987012987
620	0.9935064935064936
621	0.9935064935064936
622	0.987012987012987
623	1.0
624	1.0
625	1.0
626	0.9935064935064936
627	0.9935064935064936
628	1.0
629	0.9805194805194806
630	1.0
631	0.9805194805194806
632	0.9935064935064936
633	0.9935064935064936
634	0.9935064935064936
635	0.987012987012987
636	0.9935064935064936
637	0.987012987012987
638	0.987012987012987
639	0.974025974025974
640	1.0
641	1.0
642	1.0
643	0.987012987012987
644	1.0
645	0.9935064935064936
646	0.987012987012987
647	1.0
648	0.9935064935064936
649	0.9935064935064936
650	0.987012987012987
651	0.9805194805194806
652	1.0
653	0.9935064935064936
654	0.987012987012987
655	0.9935064935064936
656	0.9935064935064936
657	0.9805194805194806
658	0.9935064935064936
659	1.0
660	0.987012987012987
661	0.9935064935064936
662	0.9935064935064936
663	0.987012987012987
664	0.987012987012987
665	0.987012987012987
666	0.9935064935064936
667	0.9935064935064936
668	0.9935064935064936
669	0.9805194805194806
670	0.9805194805194806
671	0.9935064935064936
672	0.9935064935064936
673	1.0
674	0.987012987012987
675	1.0
676	1.0
677	1.0
678	1.0
679	1.0
680	0.987012987012987
681	0.9935064935064936
682	0.9805194805194806
683	0.9675324675324676
684	0.9675324675324676
685	1.0
686	0.9935064935064936
687	1.0
688	0.9935064935064936
689	0.9935064935064936
690	0.974025974025974
691	0.987012987012987
692	0.9935064935064936
693	1.0
694	0.987012987012987
695	0.9805194805194806
696	0.9935064935064936
697	0.9935064935064936
698	1.0
699	0.987012987012987
700	0.987012987012987
701	1.0
702	1.0
703	1.0
704	1.0
705	1.0
706	1.0
707	0.9805194805194806
708	1.0
709	0.9935064935064936
710	0.9935064935064936
711	0.9935064935064936
712	0.9935064935064936
713	0.9935064935064936
714	1.0
715	1.0
716	0.9935064935064936
717	1.0
718	0.9935064935064936
719	1.0
720	0.9935064935064936
721	0.9935064935064936
722	1.0
723	0.9935064935064936
724	1.0
725	1.0
726	0.9935064935064936
727	0.9935064935064936
728	0.987012987012987
729	0.987012987012987
730	0.9935064935064936
731	1.0
732	0.987012987012987
733	0.9935064935064936
734	1.0
735	1.0
736	1.0
737	1.0
738	1.0
739	0.9935064935064936
740	1.0
741	1.0
742	1.0
743	0.9935064935064936
744	0.987012987012987
745	0.9935064935064936
746	1.0
747	0.9935064935064936
748	0.9935064935064936
749	0.9935064935064936
750	0.9935064935064936
751	0.9935064935064936
752	0.9935064935064936
753	1.0
754	1.0
755	1.0
756	0.9935064935064936
757	0.9935064935064936
758	1.0
759	0.9935064935064936
760	0.987012987012987
761	0.9935064935064936
762	0.9805194805194806
763	0.987012987012987
764	0.9805194805194806
765	1.0
766	1.0
767	1.0
768	1.0
769	1.0
770	1.0
771	1.0
772	1.0
773	1.0
774	0.9935064935064936
775	1.0
776	0.9935064935064936
777	0.9935064935064936
778	1.0
779	1.0
780	1.0
781	1.0
782	0.9935064935064936
783	0.9935064935064936
784	1.0
785	0.9935064935064936
786	1.0
787	0.9935064935064936
788	1.0
789	1.0
790	1.0
791	1.0
792	1.0
793	1.0
794	0.9935064935064936
795	0.9935064935064936
796	1.0
797	1.0
798	1.0
799	0.9935064935064936
800	0.9935064935064936
801	0.9935064935064936
802	1.0
803	0.9935064935064936
804	1.0
805	1.0
806	1.0
807	1.0
808	1.0
809	1.0
810	1.0
811	1.0
812	0.9935064935064936
813	1.0
814	1.0
815	1.0
816	1.0
817	1.0
818	1.0
819	0.9935064935064936
820	1.0
821	1.0
822	0.9935064935064936
823	1.0
824	1.0
825	1.0
826	1.0
827	1.0
828	1.0
829	1.0
830	1.0
831	1.0
832	1.0
833	0.9935064935064936
834	1.0
835	0.9935064935064936
836	1.0
837	1.0
838	1.0
839	1.0
840	1.0
841	0.9935064935064936
842	1.0
843	1.0
844	1.0
845	1.0
846	1.0
847	1.0
848	1.0
849	1.0
850	1.0
851	1.0
852	1.0
853	1.0
854	1.0
855	0.9935064935064936
856	1.0
857	0.9935064935064936
858	1.0
859	1.0
860	1.0
861	1.0
862	0.9935064935064936
863	0.9935064935064936
864	1.0
865	0.9935064935064936
866	0.9935064935064936
867	0.9935064935064936
868	1.0
869	0.9935064935064936
870	1.0
871	1.0
872	1.0
873	0.9935064935064936
874	1.0
875	1.0
876	1.0
877	1.0
878	1.0
879	0.9935064935064936
880	1.0
881	1.0
882	0.9935064935064936
883	0.9935064935064936
884	1.0
885	1.0
886	1.0
887	0.9935064935064936
888	1.0
889	1.0
890	1.0
891	1.0
892	1.0
893	1.0
894	1.0
895	1.0
896	1.0
897	0.9935064935064936
898	1.0
899	0.9935064935064936
900	0.9935064935064936
901	0.9935064935064936
902	1.0
903	1.0
904	1.0
905	1.0
906	1.0
907	1.0
908	1.0
909	1.0
910	1.0
911	1.0
912	1.0
913	1.0
914	1.0
915	0.9935064935064936
916	0.9935064935064936
917	1.0
918	1.0
919	1.0
920	1.0
921	1.0
922	1.0
923	1.0
924	1.0
925	0.9935064935064936
926	0.9935064935064936
927	1.0
928	1.0
929	1.0
930	1.0
931	1.0
932	1.0
933	1.0
934	1.0
935	1.0
936	1.0
937	1.0
938	0.9935064935064936
939	0.9935064935064936
940	1.0
941	1.0
942	1.0
943	1.0
944	1.0
945	0.9935064935064936
946	1.0
947	1.0
948	1.0
949	1.0
950	1.0
951	1.0
952	0.9935064935064936
953	1.0
954	1.0
955	1.0
956	1.0
957	1.0
958	1.0
959	1.0
960	1.0
961	0.9935064935064936
962	0.9935064935064936
963	0.9935064935064936
964	1.0
965	1.0
966	0.9935064935064936
967	0.987012987012987
968	0.987012987012987
969	1.0
970	0.9935064935064936
971	1.0
972	1.0
973	1.0
974	1.0
975	1.0
976	1.0
977	1.0
978	1.0
979	1.0
980	1.0
981	1.0
982	1.0
983	1.0
984	1.0
985	1.0
986	1.0
987	1.0
988	1.0
989	0.9935064935064936
990	0.9935064935064936
991	1.0
992	1.0
993	1.0
994	1.0
995	1.0
996	1.0
997	1.0
998	1.0
999	1.0
1000	1.0
