1	0.045454545454545456
2	0.025974025974025976
3	0.16883116883116883
4	0.14935064935064934
5	0.21428571428571427
6	0.2662337662337662
7	0.2597402597402597
8	0.2532467532467532
9	0.2792207792207792
10	0.2662337662337662
11	0.3246753246753247
12	0.38311688311688313
13	0.38311688311688313
14	0.45454545454545453
15	0.5064935064935064
16	0.5714285714285714
17	0.5974025974025974
18	0.5714285714285714
19	0.6233766233766234
20	0.6168831168831169
21	0.6168831168831169
22	0.6623376623376623
23	0.6948051948051948
24	0.6623376623376623
25	0.7012987012987013
26	0.7272727272727273
27	0.7662337662337663
28	0.7402597402597403
29	0.7597402597402597
30	0.7337662337662337
31	0.7857142857142857
32	0.7207792207792207
33	0.7662337662337663
34	0.7987012987012987
35	0.8246753246753247
36	0.7857142857142857
37	0.7857142857142857
38	0.7662337662337663
39	0.8246753246753247
40	0.7857142857142857
41	0.7727272727272727
42	0.7792207792207793
43	0.7922077922077922
44	0.7727272727272727
45	0.8311688311688312
46	0.7857142857142857
47	0.8376623376623377
48	0.8181818181818182
49	0.8311688311688312
50	0.8181818181818182
51	0.8506493506493507
52	0.8571428571428571
53	0.8441558441558441
54	0.8311688311688312
55	0.8246753246753247
56	0.8246753246753247
57	0.8246753246753247
58	0.8701298701298701
59	0.8571428571428571
60	0.8636363636363636
61	0.8766233766233766
62	0.8831168831168831
63	0.8636363636363636
64	0.8636363636363636
65	0.8441558441558441
66	0.8701298701298701
67	0.8701298701298701
68	0.8896103896103896
69	0.8636363636363636
70	0.8766233766233766
71	0.8636363636363636
72	0.9025974025974026
73	0.8831168831168831
74	0.8896103896103896
75	0.8766233766233766
76	0.9155844155844156
77	0.8961038961038961
78	0.8961038961038961
79	0.9090909090909091
80	0.8636363636363636
81	0.922077922077922
82	0.8766233766233766
83	0.8701298701298701
84	0.8636363636363636
85	0.8896103896103896
86	0.9155844155844156
87	0.8896103896103896
88	0.9155844155844156
89	0.9025974025974026
90	0.8896103896103896
91	0.9025974025974026
92	0.948051948051948
93	0.922077922077922
94	0.974025974025974
95	0.9155844155844156
96	0.922077922077922
97	0.935064935064935
98	0.935064935064935
99	0.9805194805194806
100	0.9675324675324676
101	0.935064935064935
102	0.935064935064935
103	0.961038961038961
104	0.9415584415584416
105	0.9675324675324676
106	0.961038961038961
107	0.961038961038961
108	0.961038961038961
109	0.948051948051948
110	0.948051948051948
111	0.9675324675324676
112	0.948051948051948
113	0.9545454545454546
114	0.948051948051948
115	0.948051948051948
116	0.948051948051948
117	0.9805194805194806
118	0.974025974025974
119	0.948051948051948
120	0.948051948051948
121	0.987012987012987
122	0.9805194805194806
123	0.961038961038961
124	0.9675324675324676
125	0.987012987012987
126	0.9675324675324676
127	0.9805194805194806
128	0.9805194805194806
129	0.9805194805194806
130	0.974025974025974
131	0.974025974025974
132	0.9805194805194806
133	0.987012987012987
134	0.987012987012987
135	0.9545454545454546
136	0.9545454545454546
137	0.9805194805194806
138	0.961038961038961
139	0.9935064935064936
140	0.961038961038961
141	0.9675324675324676
142	0.961038961038961
143	0.9675324675324676
144	0.9805194805194806
145	0.9805194805194806
146	0.974025974025974
147	0.974025974025974
148	0.987012987012987
149	0.9675324675324676
150	0.987012987012987
151	0.987012987012987
152	0.987012987012987
153	0.9805194805194806
154	0.9935064935064936
155	0.987012987012987
156	0.9935064935064936
157	0.9935064935064936
158	0.9805194805194806
159	0.974025974025974
160	0.974025974025974
161	0.9675324675324676
162	0.9675324675324676
163	0.9935064935064936
164	0.987012987012987
165	0.9805194805194806
166	0.9935064935064936
167	0.9935064935064936
168	0.9675324675324676
169	0.948051948051948
170	0.974025974025974
171	0.9805194805194806
172	0.9805194805194806
173	0.987012987012987
174	0.974025974025974
175	0.9675324675324676
176	0.9545454545454546
177	0.9415584415584416
178	0.9545454545454546
179	0.961038961038961
180	0.9675324675324676
181	0.9805194805194806
182	0.961038961038961
183	0.974025974025974
184	0.974025974025974
185	0.9805194805194806
186	0.974025974025974
187	0.9805194805194806
188	0.974025974025974
189	0.9805194805194806
190	0.974025974025974
191	0.987012987012987
192	0.9805194805194806
193	0.9805194805194806
194	0.961038961038961
195	0.9805194805194806
196	0.961038961038961
197	0.974025974025974
198	0.9935064935064936
199	0.9805194805194806
200	0.9675324675324676
201	0.9805194805194806
202	0.9935064935064936
203	0.987012987012987
204	0.9805194805194806
205	0.987012987012987
206	0.987012987012987
207	0.9805194805194806
208	0.987012987012987
209	0.9805194805194806
210	0.987012987012987
211	0.961038961038961
212	0.9805194805194806
213	0.987012987012987
214	0.9935064935064936
215	1.0
216	0.9805194805194806
217	0.987012987012987
218	0.9935064935064936
219	0.9805194805194806
220	0.961038961038961
221	0.9675324675324676
222	0.987012987012987
223	0.9805194805194806
224	0.9935064935064936
225	0.974025974025974
226	1.0
227	0.987012987012987
228	0.9675324675324676
229	0.9935064935064936
230	0.987012987012987
231	0.987012987012987
232	0.9935064935064936
233	1.0
234	0.987012987012987
235	0.987012987012987
236	0.987012987012987
237	0.987012987012987
238	0.987012987012987
239	0.987012987012987
240	0.987012987012987
241	0.9935064935064936
242	0.9935064935064936
243	0.987012987012987
244	0.987012987012987
245	0.9805194805194806
246	0.9805194805194806
247	0.987012987012987
248	0.987012987012987
249	0.9805194805194806
250	0.9935064935064936
251	0.9935064935064936
252	1.0
253	1.0
254	1.0
255	0.9935064935064936
256	0.9935064935064936
257	0.9935064935064936
258	1.0
259	1.0
260	0.9935064935064936
261	0.9935064935064936
262	1.0
263	1.0
264	1.0
265	1.0
266	0.9935064935064936
267	1.0
268	1.0
269	0.9935064935064936
270	1.0
271	1.0
272	1.0
273	1.0
274	1.0
275	1.0
276	0.9935064935064936
277	1.0
278	1.0
279	1.0
280	0.987012987012987
281	0.987012987012987
282	0.9935064935064936
283	0.9935064935064936
284	0.9935064935064936
285	0.9935064935064936
286	1.0
287	1.0
288	1.0
289	1.0
290	1.0
291	0.9935064935064936
292	1.0
293	1.0
294	1.0
295	0.9935064935064936
296	1.0
297	0.9935064935064936
298	0.9935064935064936
299	1.0
300	1.0
301	1.0
302	1.0
303	1.0
304	1.0
305	1.0
306	1.0
307	1.0
308	1.0
309	1.0
310	0.9935064935064936
311	0.9935064935064936
312	1.0
313	1.0
314	1.0
315	1.0
316	1.0
317	1.0
318	1.0
319	1.0
320	1.0
321	1.0
322	1.0
323	1.0
324	1.0
325	1.0
326	0.9935064935064936
327	1.0
328	1.0
329	1.0
330	1.0
331	0.9935064935064936
332	1.0
333	1.0
334	1.0
335	1.0
336	1.0
337	1.0
338	1.0
339	1.0
340	0.9935064935064936
341	0.9935064935064936
342	1.0
343	1.0
344	1.0
345	1.0
346	1.0
347	1.0
348	1.0
349	1.0
350	1.0
351	1.0
352	1.0
353	1.0
354	1.0
355	0.9935064935064936
356	0.9935064935064936
357	0.9935064935064936
358	0.9935064935064936
359	1.0
360	1.0
361	1.0
362	1.0
363	0.9935064935064936
364	1.0
365	1.0
366	1.0
367	1.0
368	0.9935064935064936
369	0.9935064935064936
370	1.0
371	1.0
372	1.0
373	1.0
374	1.0
375	1.0
376	1.0
377	1.0
378	1.0
379	1.0
380	1.0
381	1.0
382	1.0
383	1.0
384	1.0
385	1.0
386	1.0
387	1.0
388	1.0
389	1.0
390	1.0
391	1.0
392	1.0
393	1.0
394	1.0
395	1.0
396	1.0
397	1.0
398	1.0
399	1.0
400	1.0
401	1.0
402	1.0
403	1.0
404	1.0
405	1.0
406	1.0
407	1.0
408	1.0
409	1.0
410	1.0
411	1.0
412	1.0
413	1.0
414	0.9935064935064936
415	1.0
416	1.0
417	1.0
418	1.0
419	1.0
420	1.0
421	1.0
422	1.0
423	1.0
424	1.0
425	1.0
426	1.0
427	1.0
428	1.0
429	1.0
430	1.0
431	1.0
432	1.0
433	1.0
434	1.0
435	1.0
436	1.0
437	1.0
438	1.0
439	1.0
440	1.0
441	1.0
442	1.0
443	1.0
444	1.0
445	1.0
446	1.0
447	1.0
448	1.0
449	1.0
450	1.0
451	1.0
452	1.0
453	1.0
454	1.0
455	1.0
456	1.0
457	1.0
458	1.0
459	1.0
460	1.0
461	1.0
462	1.0
463	1.0
464	1.0
465	1.0
466	1.0
467	1.0
468	1.0
469	1.0
470	1.0
471	1.0
472	1.0
473	1.0
474	1.0
475	1.0
476	1.0
477	1.0
478	1.0
479	1.0
480	1.0
481	1.0
482	1.0
483	1.0
484	1.0
485	1.0
486	1.0
487	1.0
488	1.0
489	1.0
490	1.0
491	1.0
492	1.0
493	1.0
494	1.0
495	1.0
496	1.0
497	1.0
498	1.0
499	1.0
500	1.0
501	1.0
502	1.0
503	1.0
504	1.0
505	1.0
506	1.0
507	1.0
508	1.0
509	1.0
510	1.0
511	1.0
512	1.0
513	1.0
514	1.0
515	1.0
516	1.0
517	1.0
518	1.0
519	1.0
520	1.0
521	1.0
522	1.0
523	1.0
524	1.0
525	1.0
526	1.0
527	1.0
528	1.0
529	1.0
530	1.0
531	1.0
532	1.0
533	1.0
534	1.0
535	1.0
536	1.0
537	1.0
538	1.0
539	1.0
540	1.0
541	1.0
542	1.0
543	1.0
544	1.0
545	1.0
546	1.0
547	1.0
548	1.0
549	1.0
550	1.0
551	1.0
552	1.0
553	1.0
554	1.0
555	1.0
556	1.0
557	1.0
558	1.0
559	1.0
560	1.0
561	1.0
562	1.0
563	1.0
564	1.0
565	1.0
566	1.0
567	1.0
568	1.0
569	1.0
570	1.0
571	1.0
572	1.0
573	1.0
574	1.0
575	1.0
576	1.0
577	1.0
578	1.0
579	1.0
580	1.0
581	1.0
582	1.0
583	1.0
584	1.0
585	1.0
586	1.0
587	1.0
588	1.0
589	1.0
590	1.0
591	1.0
592	1.0
593	1.0
594	1.0
595	1.0
596	1.0
597	1.0
598	1.0
599	1.0
600	1.0
601	1.0
602	1.0
603	1.0
604	1.0
605	1.0
606	1.0
607	1.0
608	1.0
609	1.0
610	1.0
611	1.0
612	1.0
613	1.0
614	1.0
615	1.0
616	1.0
617	1.0
618	1.0
619	1.0
620	1.0
621	1.0
622	1.0
623	1.0
624	1.0
625	1.0
626	1.0
627	1.0
628	1.0
629	1.0
630	1.0
631	1.0
632	0.9935064935064936
633	1.0
634	1.0
635	1.0
636	1.0
637	1.0
638	1.0
639	1.0
640	1.0
641	1.0
642	1.0
643	1.0
644	1.0
645	1.0
646	1.0
647	1.0
648	1.0
649	1.0
650	1.0
651	1.0
652	1.0
653	1.0
654	1.0
655	1.0
656	1.0
657	1.0
658	1.0
659	1.0
660	1.0
661	1.0
662	1.0
663	1.0
664	1.0
665	1.0
666	1.0
667	1.0
668	1.0
669	1.0
670	1.0
671	1.0
672	1.0
673	1.0
674	1.0
675	1.0
676	1.0
677	1.0
678	1.0
679	1.0
680	1.0
681	1.0
682	1.0
683	1.0
684	1.0
685	1.0
686	1.0
687	1.0
688	1.0
689	1.0
690	0.9935064935064936
691	1.0
692	1.0
693	1.0
694	1.0
695	1.0
696	1.0
697	1.0
698	1.0
699	1.0
700	1.0
701	1.0
702	1.0
703	1.0
704	1.0
705	1.0
706	1.0
707	1.0
708	1.0
709	1.0
710	1.0
711	1.0
712	1.0
713	1.0
714	1.0
715	1.0
716	1.0
717	1.0
718	1.0
719	1.0
720	1.0
721	1.0
722	1.0
723	1.0
724	1.0
725	1.0
726	1.0
727	1.0
728	1.0
729	1.0
730	1.0
731	1.0
732	1.0
733	1.0
734	1.0
735	1.0
736	1.0
737	1.0
738	1.0
739	1.0
740	1.0
741	1.0
742	1.0
743	1.0
744	1.0
745	1.0
746	1.0
747	1.0
748	1.0
749	1.0
750	1.0
751	1.0
752	1.0
753	1.0
754	1.0
755	1.0
756	1.0
757	1.0
758	1.0
759	1.0
760	1.0
761	1.0
762	1.0
763	1.0
764	1.0
765	1.0
766	1.0
767	1.0
768	1.0
769	1.0
770	1.0
771	1.0
772	1.0
773	1.0
774	1.0
775	1.0
776	1.0
777	1.0
778	1.0
779	1.0
780	1.0
781	1.0
782	1.0
783	1.0
784	1.0
785	1.0
786	1.0
787	1.0
788	1.0
789	1.0
790	1.0
791	1.0
792	1.0
793	1.0
794	1.0
795	1.0
796	1.0
797	1.0
798	1.0
799	1.0
800	1.0
801	1.0
802	1.0
803	1.0
804	1.0
805	1.0
806	1.0
807	1.0
808	1.0
809	1.0
810	1.0
811	1.0
812	1.0
813	1.0
814	1.0
815	1.0
816	1.0
817	1.0
818	1.0
819	1.0
820	1.0
821	1.0
822	1.0
823	1.0
824	1.0
825	1.0
826	1.0
827	1.0
828	1.0
829	1.0
830	1.0
831	1.0
832	1.0
833	1.0
834	1.0
835	1.0
836	1.0
837	1.0
838	1.0
839	1.0
840	1.0
841	1.0
842	1.0
843	1.0
844	1.0
845	1.0
846	1.0
847	1.0
848	1.0
849	1.0
850	1.0
851	1.0
852	1.0
853	1.0
854	1.0
855	1.0
856	1.0
857	1.0
858	1.0
859	1.0
860	1.0
861	1.0
862	1.0
863	1.0
864	1.0
865	1.0
866	1.0
867	1.0
868	1.0
869	1.0
870	1.0
871	1.0
872	1.0
873	1.0
874	1.0
875	1.0
876	1.0
877	1.0
878	1.0
879	1.0
880	1.0
881	1.0
882	1.0
883	1.0
884	1.0
885	1.0
886	1.0
887	1.0
888	1.0
889	1.0
890	1.0
891	1.0
892	1.0
893	1.0
894	1.0
895	1.0
896	1.0
897	1.0
898	1.0
899	1.0
900	1.0
901	1.0
902	1.0
903	1.0
904	1.0
905	1.0
906	1.0
907	1.0
908	1.0
909	1.0
910	1.0
911	1.0
912	1.0
913	1.0
914	1.0
915	1.0
916	1.0
917	1.0
918	1.0
919	1.0
920	1.0
921	1.0
922	1.0
923	1.0
924	1.0
925	1.0
926	1.0
927	1.0
928	1.0
929	1.0
930	1.0
931	1.0
932	1.0
933	1.0
934	1.0
935	1.0
936	1.0
937	1.0
938	1.0
939	1.0
940	1.0
941	1.0
942	1.0
943	1.0
944	1.0
945	1.0
946	1.0
947	1.0
948	1.0
949	1.0
950	1.0
951	1.0
952	1.0
953	1.0
954	1.0
955	1.0
956	1.0
957	1.0
958	1.0
959	1.0
960	1.0
961	1.0
962	1.0
963	1.0
964	1.0
965	1.0
966	1.0
967	1.0
968	1.0
969	1.0
970	1.0
971	1.0
972	1.0
973	1.0
974	1.0
975	1.0
976	1.0
977	1.0
978	1.0
979	1.0
980	1.0
981	1.0
982	1.0
983	1.0
984	1.0
985	0.9935064935064936
986	1.0
987	1.0
988	1.0
989	1.0
990	1.0
991	1.0
992	1.0
993	1.0
994	1.0
995	1.0
996	1.0
997	1.0
998	1.0
999	1.0
1000	1.0
