1	0.018151815181518153
2	0.0462046204620462
3	0.0594059405940594
4	0.06105610561056106
5	0.057755775577557754
6	0.07095709570957096
7	0.08250825082508251
8	0.07755775577557755
9	0.08415841584158416
10	0.08415841584158416
11	0.09900990099009901
12	0.10726072607260725
13	0.11386138613861387
14	0.10396039603960396
15	0.12376237623762376
16	0.1254125412541254
17	0.1485148514851485
18	0.13861386138613863
19	0.14686468646864687
20	0.1551155115511551
21	0.16006600660066006
22	0.18976897689768976
23	0.1551155115511551
24	0.19141914191419143
25	0.19966996699669967
26	0.21782178217821782
27	0.2376237623762376
28	0.2376237623762376
29	0.26567656765676567
30	0.26897689768976896
31	0.27722772277227725
32	0.29042904290429045
33	0.26567656765676567
34	0.31353135313531355
35	0.3201320132013201
36	0.3415841584158416
37	0.3316831683168317
38	0.3580858085808581
39	0.3712871287128713
40	0.400990099009901
41	0.36468646864686466
42	0.3927392739273927
43	0.39933993399339934
44	0.3943894389438944
45	0.400990099009901
46	0.4207920792079208
47	0.45544554455445546
48	0.4372937293729373
49	0.42574257425742573
50	0.4158415841584158
51	0.4389438943894389
52	0.45874587458745875
53	0.4603960396039604
54	0.46864686468646866
55	0.4884488448844885
56	0.47194719471947194
57	0.49174917491749176
58	0.4752475247524752
59	0.5066006600660066
60	0.4933993399339934
61	0.4570957095709571
62	0.5016501650165016
63	0.48514851485148514
64	0.48514851485148514
65	0.4801980198019802
66	0.5198019801980198
67	0.49504950495049505
68	0.5115511551155115
69	0.5214521452145214
70	0.5148514851485149
71	0.5165016501650165
72	0.5528052805280528
73	0.5412541254125413
74	0.5396039603960396
75	0.528052805280528
76	0.5429042904290429
77	0.5247524752475248
78	0.5379537953795379
79	0.5264026402640264
80	0.5313531353135313
81	0.5379537953795379
82	0.5676567656765676
83	0.5610561056105611
84	0.5610561056105611
85	0.566006600660066
86	0.5858085808580858
87	0.6023102310231023
88	0.5874587458745875
89	0.5511551155115512
90	0.566006600660066
91	0.5445544554455446
92	0.5676567656765676
93	0.594059405940594
94	0.5907590759075908
95	0.5742574257425742
96	0.6237623762376238
97	0.6039603960396039
98	0.5825082508250825
99	0.6023102310231023
100	0.636963696369637
101	0.6386138613861386
102	0.6303630363036303
103	0.6353135313531353
104	0.6303630363036303
105	0.6254125412541254
106	0.6435643564356436
107	0.6237623762376238
108	0.6386138613861386
109	0.6303630363036303
110	0.6353135313531353
111	0.6534653465346535
112	0.6551155115511551
113	0.6782178217821783
114	0.698019801980198
115	0.693069306930693
116	0.7145214521452146
117	0.6963696369636964
118	0.6864686468646864
119	0.6617161716171617
120	0.693069306930693
121	0.6798679867986799
122	0.6881188118811881
123	0.7079207920792079
124	0.7178217821782178
125	0.6996699669966997
126	0.6567656765676567
127	0.6567656765676567
128	0.6947194719471947
129	0.6947194719471947
130	0.7095709570957096
131	0.7095709570957096
132	0.7326732673267327
133	0.7508250825082509
134	0.7112211221122112
135	0.7145214521452146
136	0.7062706270627063
137	0.7079207920792079
138	0.7161716171617162
139	0.7277227722772277
140	0.7161716171617162
141	0.7244224422442245
142	0.7095709570957096
143	0.7326732673267327
144	0.7326732673267327
145	0.7343234323432343
146	0.764026402640264
147	0.7541254125412541
148	0.7838283828382838
149	0.801980198019802
150	0.7838283828382838
151	0.7854785478547854
152	0.7739273927392739
153	0.7838283828382838
154	0.7623762376237624
155	0.7788778877887789
156	0.7557755775577558
157	0.7937293729372937
158	0.7871287128712872
159	0.7904290429042904
160	0.7722772277227723
161	0.7920792079207921
162	0.7920792079207921
163	0.7937293729372937
164	0.7920792079207921
165	0.7838283828382838
166	0.7739273927392739
167	0.8250825082508251
168	0.8118811881188119
169	0.7953795379537953
170	0.8085808580858086
171	0.7871287128712872
172	0.7854785478547854
173	0.7986798679867987
174	0.801980198019802
175	0.8003300330033003
176	0.8151815181518152
177	0.8168316831683168
178	0.8234323432343235
179	0.8036303630363036
180	0.8234323432343235
181	0.834983498349835
182	0.8283828382838284
183	0.83003300330033
184	0.806930693069307
185	0.8184818481848185
186	0.7986798679867987
187	0.8415841584158416
188	0.8432343234323433
189	0.8696369636963697
190	0.858085808580858
191	0.8564356435643564
192	0.8283828382838284
193	0.8399339933993399
194	0.858085808580858
195	0.8448844884488449
196	0.8613861386138614
197	0.8679867986798679
198	0.8564356435643564
199	0.8679867986798679
200	0.8696369636963697
201	0.8597359735973598
202	0.8663366336633663
203	0.8778877887788779
204	0.8465346534653465
205	0.8531353135313532
206	0.8531353135313532
207	0.8498349834983498
208	0.8514851485148515
209	0.8613861386138614
210	0.8795379537953796
211	0.8481848184818482
212	0.8795379537953796
213	0.8795379537953796
214	0.8712871287128713
215	0.8679867986798679
216	0.8679867986798679
217	0.8828382838283828
218	0.8828382838283828
219	0.8613861386138614
220	0.8646864686468647
221	0.8811881188118812
222	0.8745874587458746
223	0.8745874587458746
224	0.8910891089108911
225	0.8795379537953796
226	0.8646864686468647
227	0.8811881188118812
228	0.8547854785478548
229	0.8613861386138614
230	0.8564356435643564
231	0.8762376237623762
232	0.8828382838283828
233	0.8861386138613861
234	0.8861386138613861
235	0.8861386138613861
236	0.8828382838283828
237	0.8861386138613861
238	0.8795379537953796
239	0.9026402640264026
240	0.8828382838283828
241	0.8894389438943895
242	0.8828382838283828
243	0.8844884488448845
244	0.8729372937293729
245	0.8894389438943895
246	0.9125412541254125
247	0.9108910891089109
248	0.900990099009901
249	0.9191419141914191
250	0.8943894389438944
251	0.8844884488448845
252	0.8993399339933993
253	0.9158415841584159
254	0.9257425742574258
255	0.9207920792079208
256	0.9273927392739274
257	0.9125412541254125
258	0.905940594059406
259	0.905940594059406
260	0.9092409240924092
261	0.905940594059406
262	0.8910891089108911
263	0.8943894389438944
264	0.8993399339933993
265	0.8927392739273927
266	0.8993399339933993
267	0.8861386138613861
268	0.8960396039603961
269	0.8927392739273927
270	0.9207920792079208
271	0.900990099009901
272	0.9207920792079208
273	0.900990099009901
274	0.9191419141914191
275	0.933993399339934
276	0.8960396039603961
277	0.9323432343234324
278	0.929042904290429
279	0.9141914191419142
280	0.9075907590759076
281	0.9026402640264026
282	0.9191419141914191
283	0.9224422442244224
284	0.9257425742574258
285	0.9405940594059405
286	0.929042904290429
287	0.9323432343234324
288	0.9240924092409241
289	0.9257425742574258
290	0.9224422442244224
291	0.9125412541254125
292	0.9092409240924092
293	0.9422442244224423
294	0.9455445544554455
295	0.9224422442244224
296	0.9422442244224423
297	0.9356435643564357
298	0.9438943894389439
299	0.9405940594059405
300	0.933993399339934
301	0.9389438943894389
302	0.9273927392739274
303	0.9257425742574258
304	0.9306930693069307
305	0.9372937293729373
306	0.9372937293729373
307	0.9422442244224423
308	0.9389438943894389
309	0.929042904290429
310	0.9323432343234324
311	0.9389438943894389
312	0.9554455445544554
313	0.9438943894389439
314	0.9488448844884488
315	0.9504950495049505
316	0.9323432343234324
317	0.929042904290429
318	0.9405940594059405
319	0.9257425742574258
320	0.9257425742574258
321	0.9356435643564357
322	0.929042904290429
323	0.9521452145214522
324	0.9570957095709571
325	0.9356435643564357
326	0.9356435643564357
327	0.9504950495049505
328	0.9372937293729373
329	0.9488448844884488
330	0.9471947194719472
331	0.933993399339934
332	0.933993399339934
333	0.9356435643564357
334	0.9422442244224423
335	0.9521452145214522
336	0.9587458745874587
337	0.9471947194719472
338	0.9405940594059405
339	0.9422442244224423
340	0.9438943894389439
341	0.9504950495049505
342	0.9504950495049505
343	0.9372937293729373
344	0.9504950495049505
345	0.9455445544554455
346	0.9405940594059405
347	0.9372937293729373
348	0.9405940594059405
349	0.9471947194719472
350	0.9438943894389439
351	0.9306930693069307
352	0.9504950495049505
353	0.9372937293729373
354	0.933993399339934
355	0.9504950495049505
356	0.9554455445544554
357	0.9504950495049505
358	0.9471947194719472
359	0.9372937293729373
360	0.9471947194719472
361	0.9488448844884488
362	0.9554455445544554
363	0.9587458745874587
364	0.9405940594059405
365	0.9521452145214522
366	0.9587458745874587
367	0.9537953795379538
368	0.9257425742574258
369	0.9587458745874587
370	0.9653465346534653
371	0.9554455445544554
372	0.9603960396039604
373	0.9504950495049505
374	0.9488448844884488
375	0.9455445544554455
376	0.9537953795379538
377	0.9438943894389439
378	0.9636963696369637
379	0.9488448844884488
380	0.9455445544554455
381	0.9636963696369637
382	0.9653465346534653
383	0.9570957095709571
384	0.9422442244224423
385	0.9537953795379538
386	0.9620462046204621
387	0.9587458745874587
388	0.9537953795379538
389	0.9554455445544554
390	0.9537953795379538
391	0.9521452145214522
392	0.9603960396039604
393	0.9471947194719472
394	0.9587458745874587
395	0.9653465346534653
396	0.971947194719472
397	0.9504950495049505
398	0.9620462046204621
399	0.9620462046204621
400	0.9488448844884488
401	0.9587458745874587
402	0.9537953795379538
403	0.9620462046204621
404	0.9554455445544554
405	0.9537953795379538
406	0.9488448844884488
407	0.9620462046204621
408	0.9504950495049505
409	0.9587458745874587
410	0.9488448844884488
411	0.9537953795379538
412	0.9587458745874587
413	0.9702970297029703
414	0.9537953795379538
415	0.966996699669967
416	0.9554455445544554
417	0.966996699669967
418	0.9620462046204621
419	0.9521452145214522
420	0.9504950495049505
421	0.9488448844884488
422	0.9488448844884488
423	0.9455445544554455
424	0.9521452145214522
425	0.9554455445544554
426	0.9422442244224423
427	0.9620462046204621
428	0.971947194719472
429	0.9570957095709571
430	0.971947194719472
431	0.9702970297029703
432	0.9570957095709571
433	0.9636963696369637
434	0.9752475247524752
435	0.9653465346534653
436	0.9752475247524752
437	0.966996699669967
438	0.9620462046204621
439	0.9537953795379538
440	0.9554455445544554
441	0.9702970297029703
442	0.9603960396039604
443	0.9570957095709571
444	0.9405940594059405
445	0.9455445544554455
446	0.9537953795379538
447	0.9504950495049505
448	0.9603960396039604
449	0.9752475247524752
450	0.9735973597359736
451	0.9702970297029703
452	0.966996699669967
453	0.9587458745874587
454	0.9471947194719472
455	0.9537953795379538
456	0.9504950495049505
457	0.9554455445544554
458	0.9521452145214522
459	0.976897689768977
460	0.9702970297029703
461	0.9521452145214522
462	0.9570957095709571
463	0.9620462046204621
464	0.9570957095709571
465	0.9488448844884488
466	0.9735973597359736
467	0.9488448844884488
468	0.9471947194719472
469	0.9653465346534653
470	0.966996699669967
471	0.9554455445544554
472	0.9636963696369637
473	0.9504950495049505
474	0.9554455445544554
475	0.9752475247524752
476	0.966996699669967
477	0.9587458745874587
478	0.971947194719472
479	0.9620462046204621
480	0.966996699669967
481	0.9653465346534653
482	0.9735973597359736
483	0.9834983498349835
484	0.971947194719472
485	0.9603960396039604
486	0.9653465346534653
487	0.9603960396039604
488	0.9570957095709571
489	0.9702970297029703
490	0.9603960396039604
491	0.9603960396039604
492	0.9587458745874587
493	0.9587458745874587
494	0.9570957095709571
495	0.9818481848184818
496	0.966996699669967
497	0.971947194719472
498	0.9603960396039604
499	0.9620462046204621
500	0.9818481848184818
501	0.9587458745874587
502	0.9752475247524752
503	0.966996699669967
504	0.9702970297029703
505	0.9653465346534653
506	0.9801980198019802
507	0.9702970297029703
508	0.9818481848184818
509	0.9735973597359736
510	0.9818481848184818
511	0.9702970297029703
512	0.9702970297029703
513	0.9785478547854786
514	0.9735973597359736
515	0.9867986798679867
516	0.9818481848184818
517	0.9735973597359736
518	0.9801980198019802
519	0.9933993399339934
520	0.971947194719472
521	0.9636963696369637
522	0.9636963696369637
523	0.9818481848184818
524	0.9752475247524752
525	0.9785478547854786
526	0.976897689768977
527	0.9785478547854786
528	0.9752475247524752
529	0.9818481848184818
530	0.9834983498349835
531	0.9851485148514851
532	0.9818481848184818
533	0.9867986798679867
534	0.9801980198019802
535	0.9636963696369637
536	0.9801980198019802
537	0.971947194719472
538	0.9752475247524752
539	0.9801980198019802
540	0.9867986798679867
541	0.9752475247524752
542	0.9785478547854786
543	0.9834983498349835
544	0.9867986798679867
545	0.9785478547854786
546	0.9818481848184818
547	0.9834983498349835
548	0.9785478547854786
549	0.9801980198019802
550	0.976897689768977
551	0.9834983498349835
552	0.9867986798679867
553	0.9801980198019802
554	0.9834983498349835
555	0.9900990099009901
556	0.9785478547854786
557	0.9801980198019802
558	0.976897689768977
559	0.9818481848184818
560	0.9834983498349835
561	0.9818481848184818
562	0.9785478547854786
563	0.9834983498349835
564	0.9851485148514851
565	0.9867986798679867
566	0.9818481848184818
567	0.9834983498349835
568	0.9702970297029703
569	0.9834983498349835
570	0.9801980198019802
571	0.9834983498349835
572	0.9933993399339934
573	0.9867986798679867
574	0.9801980198019802
575	0.9884488448844885
576	0.9834983498349835
577	0.9900990099009901
578	0.9884488448844885
579	0.9851485148514851
580	0.9884488448844885
581	0.9900990099009901
582	0.9900990099009901
583	0.9917491749174917
584	0.9933993399339934
585	0.9900990099009901
586	0.9884488448844885
587	0.9917491749174917
588	0.9851485148514851
589	0.976897689768977
590	0.9867986798679867
591	0.9917491749174917
592	0.9884488448844885
593	0.9818481848184818
594	0.9818481848184818
595	0.9867986798679867
596	0.995049504950495
597	0.9917491749174917
598	0.9834983498349835
599	0.9867986798679867
600	0.9851485148514851
601	0.9834983498349835
602	0.9917491749174917
603	0.9884488448844885
604	0.9834983498349835
605	0.9900990099009901
606	0.9867986798679867
607	0.9884488448844885
608	0.9884488448844885
609	0.9867986798679867
610	0.9917491749174917
611	0.9818481848184818
612	0.9867986798679867
613	0.9884488448844885
614	0.9818481848184818
615	0.9834983498349835
616	0.9851485148514851
617	0.9818481848184818
618	0.9900990099009901
619	0.9917491749174917
620	0.9933993399339934
621	0.995049504950495
622	0.9867986798679867
623	0.9917491749174917
624	0.9900990099009901
625	0.9884488448844885
626	0.9917491749174917
627	0.9966996699669967
628	0.9933993399339934
629	0.9900990099009901
630	0.9917491749174917
631	0.995049504950495
632	0.9900990099009901
633	0.995049504950495
634	0.9900990099009901
635	0.9867986798679867
636	0.9900990099009901
637	0.9884488448844885
638	0.9900990099009901
639	0.9851485148514851
640	0.9851485148514851
641	0.9933993399339934
642	0.9983498349834984
643	0.9884488448844885
644	0.9900990099009901
645	0.9933993399339934
646	0.9884488448844885
647	0.995049504950495
648	0.9900990099009901
649	0.995049504950495
650	0.9818481848184818
651	0.9900990099009901
652	0.9917491749174917
653	0.9867986798679867
654	0.9917491749174917
655	0.9834983498349835
656	0.9933993399339934
657	0.9933993399339934
658	0.9917491749174917
659	0.9966996699669967
660	0.9983498349834984
661	0.9917491749174917
662	0.995049504950495
663	0.9884488448844885
664	0.9933993399339934
665	0.995049504950495
666	0.9933993399339934
667	0.995049504950495
668	0.9966996699669967
669	0.9933993399339934
670	0.9884488448844885
671	0.9851485148514851
672	0.9884488448844885
673	0.9983498349834984
674	0.995049504950495
675	0.9900990099009901
676	0.995049504950495
677	0.9900990099009901
678	0.9966996699669967
679	0.995049504950495
680	0.9966996699669967
681	0.9917491749174917
682	0.9900990099009901
683	0.9933993399339934
684	0.9917491749174917
685	0.995049504950495
686	0.9966996699669967
687	0.9983498349834984
688	0.9933993399339934
689	0.9851485148514851
690	0.9917491749174917
691	0.9933993399339934
692	0.9834983498349835
693	0.9917491749174917
694	0.995049504950495
695	0.9933993399339934
696	0.9884488448844885
697	0.9834983498349835
698	0.9933993399339934
699	0.9884488448844885
700	0.995049504950495
701	0.9917491749174917
702	0.9917491749174917
703	0.9917491749174917
704	0.9966996699669967
705	0.995049504950495
706	0.9933993399339934
707	0.9933993399339934
708	0.9917491749174917
709	0.9900990099009901
710	0.995049504950495
711	0.9966996699669967
712	0.9933993399339934
713	0.9917491749174917
714	0.9966996699669967
715	0.9933993399339934
716	0.995049504950495
717	0.9933993399339934
718	0.995049504950495
719	0.995049504950495
720	0.9933993399339934
721	0.9983498349834984
722	0.9917491749174917
723	0.9983498349834984
724	0.9983498349834984
725	0.9966996699669967
726	0.9966996699669967
727	0.9983498349834984
728	0.9966996699669967
729	0.9917491749174917
730	0.995049504950495
731	0.9900990099009901
732	0.9983498349834984
733	0.9983498349834984
734	0.995049504950495
735	0.995049504950495
736	0.995049504950495
737	1.0
738	0.9933993399339934
739	0.9917491749174917
740	0.9966996699669967
741	0.9966996699669967
742	0.9917491749174917
743	0.995049504950495
744	0.9933993399339934
745	0.9900990099009901
746	0.9983498349834984
747	0.9966996699669967
748	0.9933993399339934
749	0.9900990099009901
750	0.995049504950495
751	0.995049504950495
752	0.995049504950495
753	0.9966996699669967
754	0.9966996699669967
755	0.9933993399339934
756	0.995049504950495
757	0.9983498349834984
758	0.9966996699669967
759	0.9933993399339934
760	0.9884488448844885
761	1.0
762	0.9966996699669967
763	0.9917491749174917
764	0.9933993399339934
765	0.9966996699669967
766	0.9933993399339934
767	0.9933993399339934
768	0.9884488448844885
769	0.995049504950495
770	0.995049504950495
771	0.995049504950495
772	1.0
773	0.995049504950495
774	0.9966996699669967
775	0.9983498349834984
776	0.9966996699669967
777	0.9900990099009901
778	0.9966996699669967
779	0.9983498349834984
780	0.9966996699669967
781	0.9983498349834984
782	1.0
783	0.9966996699669967
784	0.9983498349834984
785	0.9933993399339934
786	1.0
787	0.9983498349834984
788	0.9983498349834984
789	1.0
790	0.995049504950495
791	0.9983498349834984
792	0.9983498349834984
793	0.9983498349834984
794	0.9966996699669967
795	0.9966996699669967
796	1.0
797	0.9983498349834984
798	0.9966996699669967
799	0.995049504950495
800	0.995049504950495
801	0.9966996699669967
802	0.995049504950495
803	0.995049504950495
804	0.9966996699669967
805	0.9966996699669967
806	0.995049504950495
807	0.995049504950495
808	0.9900990099009901
809	0.9933993399339934
810	0.9983498349834984
811	1.0
812	0.9983498349834984
813	0.9983498349834984
814	0.9983498349834984
815	0.995049504950495
816	0.995049504950495
817	0.995049504950495
818	0.9933993399339934
819	0.9966996699669967
820	0.9966996699669967
821	0.9933993399339934
822	0.9983498349834984
823	0.9933993399339934
824	0.9966996699669967
825	0.9884488448844885
826	0.9900990099009901
827	0.995049504950495
828	0.9966996699669967
829	0.9983498349834984
830	0.9966996699669967
831	0.995049504950495
832	0.9933993399339934
833	0.9983498349834984
834	0.9983498349834984
835	0.9966996699669967
836	0.9966996699669967
837	0.9966996699669967
838	0.9933993399339934
839	0.9933993399339934
840	0.9933993399339934
841	0.9917491749174917
842	0.995049504950495
843	0.995049504950495
844	0.9966996699669967
845	0.995049504950495
846	0.9966996699669967
847	0.9983498349834984
848	0.9983498349834984
849	0.9983498349834984
850	0.995049504950495
851	0.9917491749174917
852	0.9983498349834984
853	0.995049504950495
854	0.995049504950495
855	0.995049504950495
856	0.9933993399339934
857	1.0
858	0.9966996699669967
859	1.0
860	0.9983498349834984
861	0.9966996699669967
862	0.995049504950495
863	0.9966996699669967
864	0.9966996699669967
865	0.9966996699669967
866	0.9966996699669967
867	0.9966996699669967
868	0.9983498349834984
869	0.9933993399339934
870	0.9983498349834984
871	0.995049504950495
872	0.9966996699669967
873	0.9933993399339934
874	0.995049504950495
875	0.995049504950495
876	0.995049504950495
877	0.9966996699669967
878	0.9983498349834984
879	0.9966996699669967
880	0.9983498349834984
881	0.9966996699669967
882	0.9933993399339934
883	0.9966996699669967
884	0.9983498349834984
885	0.9983498349834984
886	0.9917491749174917
887	0.995049504950495
888	0.995049504950495
889	0.995049504950495
890	0.995049504950495
891	0.9966996699669967
892	0.995049504950495
893	0.9966996699669967
894	0.995049504950495
895	0.9983498349834984
896	1.0
897	0.9966996699669967
898	0.9983498349834984
899	0.9966996699669967
900	0.9983498349834984
901	0.995049504950495
902	1.0
903	1.0
904	1.0
905	0.9983498349834984
906	0.9983498349834984
907	0.9983498349834984
908	0.9983498349834984
909	0.9966996699669967
910	0.995049504950495
911	0.9983498349834984
912	0.9966996699669967
913	0.995049504950495
914	0.995049504950495
915	0.9983498349834984
916	1.0
917	0.9983498349834984
918	1.0
919	0.9933993399339934
920	0.9917491749174917
921	0.9900990099009901
922	0.995049504950495
923	0.9966996699669967
924	0.9983498349834984
925	1.0
926	0.995049504950495
927	0.9983498349834984
928	0.9933993399339934
929	0.9983498349834984
930	0.9966996699669967
931	0.995049504950495
932	0.9933993399339934
933	0.9933993399339934
934	1.0
935	0.9983498349834984
936	0.9966996699669967
937	0.9983498349834984
938	0.9933993399339934
939	1.0
940	0.995049504950495
941	1.0
942	0.9966996699669967
943	0.9983498349834984
944	0.9933993399339934
945	0.9966996699669967
946	0.995049504950495
947	0.9933993399339934
948	0.9966996699669967
949	1.0
950	0.9966996699669967
951	0.9933993399339934
952	0.995049504950495
953	0.9966996699669967
954	0.9933993399339934
955	0.995049504950495
956	0.9966996699669967
957	0.9983498349834984
958	0.995049504950495
959	1.0
960	0.9983498349834984
961	0.9983498349834984
962	1.0
963	1.0
964	0.9933993399339934
965	0.9983498349834984
966	0.995049504950495
967	0.9983498349834984
968	0.9983498349834984
969	0.995049504950495
970	0.9983498349834984
971	0.9983498349834984
972	0.9966996699669967
973	0.9966996699669967
974	1.0
975	1.0
976	0.995049504950495
977	0.9966996699669967
978	0.9983498349834984
979	0.9983498349834984
980	0.9966996699669967
981	0.9983498349834984
982	0.9983498349834984
983	0.9966996699669967
984	0.9917491749174917
985	0.9884488448844885
986	0.9933993399339934
987	0.9983498349834984
988	0.9983498349834984
989	0.9983498349834984
990	0.9983498349834984
991	0.9884488448844885
992	0.9933993399339934
993	0.9983498349834984
994	0.9983498349834984
995	0.9966996699669967
996	0.9933993399339934
997	0.9933993399339934
998	0.9983498349834984
999	0.9917491749174917
1000	0.9917491749174917
