1	0.4080267558528428
2	0.3795986622073579
3	0.4882943143812709
4	0.5635451505016722
5	0.6254180602006689
6	0.6521739130434783
7	0.6822742474916388
8	0.7023411371237458
9	0.7023411371237458
10	0.7341137123745819
11	0.7775919732441472
12	0.7642140468227425
13	0.7993311036789298
14	0.8060200668896321
15	0.7859531772575251
16	0.794314381270903
17	0.8177257525083612
18	0.8511705685618729
19	0.8662207357859532
20	0.862876254180602
21	0.8979933110367893
22	0.903010033444816
23	0.9013377926421404
24	0.8913043478260869
25	0.9147157190635451
26	0.9080267558528428
27	0.9163879598662207
28	0.9163879598662207
29	0.9247491638795987
30	0.919732441471572
31	0.919732441471572
32	0.9347826086956522
33	0.9548494983277592
34	0.9632107023411371
35	0.9648829431438127
36	0.9615384615384616
37	0.9632107023411371
38	0.9648829431438127
39	0.9581939799331104
40	0.9665551839464883
41	0.9498327759197325
42	0.9665551839464883
43	0.9732441471571907
44	0.9732441471571907
45	0.9782608695652174
46	0.9765886287625418
47	0.9816053511705686
48	0.9866220735785953
49	0.9866220735785953
50	0.9916387959866221
51	0.9882943143812709
52	0.9765886287625418
53	0.9782608695652174
54	0.979933110367893
55	0.9866220735785953
56	0.9899665551839465
57	0.9899665551839465
58	0.9916387959866221
59	0.9899665551839465
60	0.9882943143812709
61	0.9916387959866221
62	0.9933110367892977
63	0.9933110367892977
64	0.9949832775919732
65	0.9916387959866221
66	0.9949832775919732
67	0.9899665551839465
68	0.9933110367892977
69	0.9933110367892977
70	0.9933110367892977
71	0.9933110367892977
72	0.9966555183946488
73	0.9949832775919732
74	0.9949832775919732
75	0.9983277591973244
76	0.9933110367892977
77	0.9949832775919732
78	0.9933110367892977
79	0.9983277591973244
80	0.9983277591973244
81	0.9983277591973244
82	0.9966555183946488
83	0.9983277591973244
84	0.9966555183946488
85	0.9983277591973244
86	0.9983277591973244
87	0.9983277591973244
88	0.9983277591973244
89	0.9983277591973244
90	0.9966555183946488
91	0.9933110367892977
92	0.9966555183946488
93	0.9933110367892977
94	0.9966555183946488
95	0.9966555183946488
96	0.9983277591973244
97	0.9983277591973244
98	1.0
99	0.9983277591973244
100	0.9966555183946488
101	0.9949832775919732
102	0.9983277591973244
103	0.9966555183946488
104	0.9966555183946488
105	0.9933110367892977
106	0.9966555183946488
107	0.9983277591973244
108	0.9966555183946488
109	0.9966555183946488
110	0.9949832775919732
111	1.0
112	0.9949832775919732
113	0.9983277591973244
114	0.9933110367892977
115	0.9966555183946488
116	0.9983277591973244
117	1.0
118	1.0
119	1.0
120	1.0
121	1.0
122	0.9983277591973244
123	1.0
124	0.9983277591973244
125	0.9983277591973244
126	0.9983277591973244
127	0.9983277591973244
128	0.9983277591973244
129	0.9983277591973244
130	0.9949832775919732
131	0.9966555183946488
132	0.9949832775919732
133	0.9983277591973244
134	0.9983277591973244
135	0.9949832775919732
136	0.9983277591973244
137	0.9966555183946488
138	0.9983277591973244
139	0.9983277591973244
140	0.9983277591973244
141	0.9966555183946488
142	0.9983277591973244
143	1.0
144	0.9966555183946488
145	0.9983277591973244
146	1.0
147	1.0
148	1.0
149	1.0
150	1.0
151	1.0
152	1.0
153	0.9983277591973244
154	0.9983277591973244
155	1.0
156	0.9983277591973244
157	0.9966555183946488
158	0.9983277591973244
159	1.0
160	1.0
161	1.0
162	1.0
163	1.0
164	1.0
165	0.9966555183946488
166	0.9966555183946488
167	0.9949832775919732
168	0.9983277591973244
169	0.9983277591973244
170	0.9983277591973244
171	0.9966555183946488
172	0.9983277591973244
173	0.9983277591973244
174	1.0
175	1.0
176	1.0
177	1.0
178	1.0
179	0.9983277591973244
180	0.9983277591973244
181	0.9983277591973244
182	1.0
183	0.9966555183946488
184	0.9983277591973244
185	0.9966555183946488
186	0.9966555183946488
187	0.9983277591973244
188	0.9966555183946488
189	0.9966555183946488
190	1.0
191	1.0
192	1.0
193	0.9983277591973244
194	1.0
195	0.9983277591973244
196	1.0
197	1.0
198	1.0
199	1.0
200	1.0
201	1.0
202	1.0
203	1.0
204	1.0
205	1.0
206	0.9983277591973244
207	0.9983277591973244
208	1.0
209	1.0
210	0.9966555183946488
211	1.0
212	0.9966555183946488
213	0.9966555183946488
214	0.9949832775919732
215	0.9983277591973244
216	0.9949832775919732
217	0.9966555183946488
218	1.0
219	1.0
220	1.0
221	0.9983277591973244
222	1.0
223	0.9966555183946488
224	0.9983277591973244
225	0.9983277591973244
226	0.9983277591973244
227	1.0
228	0.9983277591973244
229	0.9983277591973244
230	0.9966555183946488
231	0.9949832775919732
232	0.9983277591973244
233	1.0
234	1.0
235	1.0
236	1.0
237	1.0
238	0.9983277591973244
239	1.0
240	1.0
241	1.0
242	1.0
243	0.9983277591973244
244	1.0
245	1.0
246	1.0
247	1.0
248	1.0
249	0.9983277591973244
250	0.9983277591973244
251	0.9983277591973244
252	1.0
253	1.0
254	0.9983277591973244
255	0.9983277591973244
256	0.9966555183946488
257	0.9949832775919732
258	0.9949832775919732
259	0.9983277591973244
260	1.0
261	0.9983277591973244
262	0.9966555183946488
263	0.9983277591973244
264	0.9949832775919732
265	0.9966555183946488
266	0.9983277591973244
267	0.9983277591973244
268	1.0
269	0.9983277591973244
270	1.0
271	0.9983277591973244
272	0.9983277591973244
273	0.9983277591973244
274	0.9983277591973244
275	0.9983277591973244
276	1.0
277	1.0
278	1.0
279	1.0
280	0.9966555183946488
281	0.9966555183946488
282	1.0
283	0.9983277591973244
284	0.9983277591973244
285	1.0
286	0.9983277591973244
287	1.0
288	1.0
289	1.0
290	0.9983277591973244
291	0.9983277591973244
292	0.9966555183946488
293	0.9933110367892977
294	0.9983277591973244
295	0.9983277591973244
296	1.0
297	1.0
298	0.9983277591973244
299	0.9983277591973244
300	0.9983277591973244
301	1.0
302	1.0
303	0.9983277591973244
304	0.9983277591973244
305	0.9949832775919732
306	0.9983277591973244
307	0.9983277591973244
308	1.0
309	1.0
310	1.0
311	0.9983277591973244
312	0.9983277591973244
313	1.0
314	1.0
315	0.9966555183946488
316	0.9983277591973244
317	1.0
318	1.0
319	0.9983277591973244
320	0.9966555183946488
321	0.9983277591973244
322	0.9949832775919732
323	0.9949832775919732
324	1.0
325	0.9983277591973244
326	0.9983277591973244
327	0.9983277591973244
328	1.0
329	1.0
330	1.0
331	1.0
332	1.0
333	0.9966555183946488
334	1.0
335	0.9983277591973244
336	1.0
337	1.0
338	1.0
339	0.9933110367892977
340	0.9966555183946488
341	0.9983277591973244
342	1.0
343	1.0
344	1.0
345	1.0
346	1.0
347	1.0
348	0.9983277591973244
349	0.9966555183946488
350	0.9966555183946488
351	0.9966555183946488
352	0.9983277591973244
353	1.0
354	1.0
355	1.0
356	0.9966555183946488
357	0.9966555183946488
358	0.9983277591973244
359	0.9983277591973244
360	0.9966555183946488
361	1.0
362	0.9983277591973244
363	1.0
364	0.9966555183946488
365	0.9983277591973244
366	1.0
367	1.0
368	1.0
369	1.0
370	0.9983277591973244
371	0.9983277591973244
372	0.9949832775919732
373	0.9983277591973244
374	1.0
375	1.0
376	1.0
377	0.9983277591973244
378	1.0
379	1.0
380	1.0
381	1.0
382	1.0
383	0.9983277591973244
384	1.0
385	1.0
386	1.0
387	0.9966555183946488
388	0.9983277591973244
389	1.0
390	1.0
391	1.0
392	0.9983277591973244
393	1.0
394	1.0
395	1.0
396	0.9983277591973244
397	0.9983277591973244
398	1.0
399	0.9983277591973244
400	0.9966555183946488
401	0.9983277591973244
402	1.0
403	0.9983277591973244
404	0.9966555183946488
405	0.9933110367892977
406	0.9916387959866221
407	0.9916387959866221
408	0.9949832775919732
409	0.9983277591973244
410	0.9983277591973244
411	0.9983277591973244
412	0.9966555183946488
413	0.9916387959866221
414	0.9933110367892977
415	0.9983277591973244
416	0.9983277591973244
417	1.0
418	1.0
419	1.0
420	1.0
421	1.0
422	0.9949832775919732
423	0.9949832775919732
424	0.9966555183946488
425	1.0
426	1.0
427	1.0
428	0.9983277591973244
429	0.9983277591973244
430	1.0
431	0.9949832775919732
432	1.0
433	1.0
434	1.0
435	1.0
436	1.0
437	1.0
438	1.0
439	1.0
440	0.9983277591973244
441	0.9966555183946488
442	0.9983277591973244
443	1.0
444	0.9983277591973244
445	0.9966555183946488
446	0.9983277591973244
447	1.0
448	1.0
449	1.0
450	0.9983277591973244
451	0.9983277591973244
452	1.0
453	1.0
454	0.9966555183946488
455	0.9983277591973244
456	0.9983277591973244
457	0.9966555183946488
458	0.9983277591973244
459	0.9983277591973244
460	1.0
461	1.0
462	1.0
463	0.9983277591973244
464	1.0
465	1.0
466	1.0
467	0.9983277591973244
468	0.9983277591973244
469	1.0
470	1.0
471	1.0
472	0.9983277591973244
473	0.9983277591973244
474	0.9983277591973244
475	0.9966555183946488
476	1.0
477	1.0
478	1.0
479	1.0
480	0.9966555183946488
481	0.9983277591973244
482	1.0
483	1.0
484	0.9983277591973244
485	1.0
486	1.0
487	0.9983277591973244
488	1.0
489	0.9983277591973244
490	0.9966555183946488
491	0.9983277591973244
492	1.0
493	1.0
494	1.0
495	1.0
496	0.9983277591973244
497	0.9966555183946488
498	0.9983277591973244
499	0.9983277591973244
500	1.0
