1	0.5546719681908548
2	0.5944333996023857
3	0.6938369781312127
4	0.7475149105367793
5	0.8011928429423459
6	0.8131212723658051
7	0.8349900596421471
8	0.882703777335984
9	0.8747514910536779
10	0.8866799204771372
11	0.9105367793240556
12	0.9443339960238568
13	0.9463220675944334
14	0.9443339960238568
15	0.9502982107355865
16	0.9502982107355865
17	0.9602385685884692
18	0.9721669980119284
19	0.9781312127236581
20	0.9761431411530815
21	0.9681908548707754
22	0.9860834990059643
23	0.9821073558648111
24	0.9821073558648111
25	0.9860834990059643
26	0.9940357852882704
27	0.9900596421471173
28	0.9920477137176938
29	0.9960238568588469
30	0.9960238568588469
31	0.9960238568588469
32	0.9960238568588469
33	0.9980119284294234
34	0.9980119284294234
35	0.9940357852882704
36	0.9960238568588469
37	0.9940357852882704
38	0.9940357852882704
39	1.0
40	1.0
41	1.0
42	1.0
43	1.0
44	0.9980119284294234
45	0.9960238568588469
46	0.9980119284294234
47	0.9960238568588469
48	0.9940357852882704
49	0.9940357852882704
50	0.9940357852882704
51	1.0
52	1.0
53	0.9980119284294234
54	0.9960238568588469
55	0.9980119284294234
56	0.9960238568588469
57	1.0
58	0.9940357852882704
59	0.9960238568588469
60	0.9940357852882704
61	0.9980119284294234
62	0.9980119284294234
63	0.9960238568588469
64	0.9980119284294234
65	0.9940357852882704
66	1.0
67	1.0
68	0.9980119284294234
69	0.9980119284294234
70	0.9980119284294234
71	0.9980119284294234
72	0.9960238568588469
73	0.9960238568588469
74	0.9940357852882704
75	0.9920477137176938
76	0.9940357852882704
77	0.9920477137176938
78	0.9940357852882704
79	0.9960238568588469
80	0.9980119284294234
81	0.9980119284294234
82	0.9960238568588469
83	0.9980119284294234
84	0.9980119284294234
85	1.0
86	0.9980119284294234
87	0.9960238568588469
88	1.0
89	1.0
90	1.0
91	1.0
92	1.0
93	1.0
94	1.0
95	1.0
96	0.9980119284294234
97	0.9980119284294234
98	1.0
99	1.0
100	1.0
101	0.9980119284294234
102	0.9980119284294234
103	0.9980119284294234
104	1.0
105	1.0
106	1.0
107	1.0
108	0.9960238568588469
109	0.9960238568588469
110	0.9980119284294234
111	0.9960238568588469
112	0.9960238568588469
113	0.9940357852882704
114	0.9960238568588469
115	0.9980119284294234
116	0.9980119284294234
117	0.9980119284294234
118	1.0
119	0.9980119284294234
120	0.9980119284294234
121	0.9960238568588469
122	1.0
123	0.9980119284294234
124	0.9980119284294234
125	0.9980119284294234
126	1.0
127	0.9940357852882704
128	1.0
129	1.0
130	1.0
131	1.0
132	0.9960238568588469
133	0.9980119284294234
134	0.9980119284294234
135	0.9980119284294234
136	1.0
137	1.0
138	0.9980119284294234
139	0.9980119284294234
140	0.9980119284294234
141	0.9940357852882704
142	0.9980119284294234
143	1.0
144	0.9980119284294234
145	0.9920477137176938
146	0.9940357852882704
147	0.9960238568588469
148	0.9980119284294234
149	1.0
150	0.9980119284294234
151	0.9960238568588469
152	0.9980119284294234
153	1.0
154	0.9980119284294234
155	0.9940357852882704
156	0.9980119284294234
157	1.0
158	1.0
159	0.9980119284294234
160	0.9960238568588469
161	1.0
162	1.0
163	1.0
164	1.0
165	1.0
166	0.9980119284294234
167	0.9980119284294234
168	1.0
169	1.0
170	0.9980119284294234
171	1.0
172	0.9960238568588469
173	0.9960238568588469
174	0.9960238568588469
175	0.9980119284294234
176	1.0
177	1.0
178	1.0
179	1.0
180	1.0
181	0.9980119284294234
182	0.9980119284294234
183	1.0
184	1.0
185	1.0
186	0.9980119284294234
187	0.9980119284294234
188	0.9980119284294234
189	0.9980119284294234
190	0.9940357852882704
191	0.9940357852882704
192	0.9960238568588469
193	0.9980119284294234
194	0.9980119284294234
195	0.9980119284294234
196	0.9980119284294234
197	1.0
198	1.0
199	1.0
200	0.9980119284294234
201	0.9980119284294234
202	0.9980119284294234
203	0.9940357852882704
204	0.9980119284294234
205	1.0
206	0.9980119284294234
207	1.0
208	1.0
209	1.0
210	1.0
211	0.9980119284294234
212	1.0
213	1.0
214	1.0
215	1.0
216	1.0
217	1.0
218	1.0
219	1.0
220	0.9980119284294234
221	0.9980119284294234
222	0.9960238568588469
223	0.9980119284294234
224	1.0
225	1.0
226	0.9980119284294234
227	0.9960238568588469
228	0.9980119284294234
229	0.9980119284294234
230	0.9980119284294234
231	1.0
232	1.0
233	1.0
234	1.0
235	0.9980119284294234
236	0.9940357852882704
237	0.9960238568588469
238	1.0
239	1.0
240	1.0
241	1.0
242	0.9980119284294234
243	0.9980119284294234
244	1.0
245	1.0
246	1.0
247	0.9980119284294234
248	0.9980119284294234
249	1.0
250	0.9980119284294234
251	0.9980119284294234
252	1.0
253	1.0
254	1.0
255	1.0
256	1.0
257	0.9980119284294234
258	0.9980119284294234
259	0.9980119284294234
260	1.0
261	1.0
262	1.0
263	1.0
264	1.0
265	0.9980119284294234
266	1.0
267	0.9980119284294234
268	0.9960238568588469
269	0.9980119284294234
270	0.9980119284294234
271	1.0
272	1.0
273	1.0
274	0.9960238568588469
275	0.9920477137176938
276	0.9960238568588469
277	0.9940357852882704
278	0.9900596421471173
279	0.9960238568588469
280	0.9980119284294234
281	1.0
282	1.0
283	1.0
284	1.0
285	0.9980119284294234
286	1.0
287	0.9980119284294234
288	1.0
289	1.0
290	1.0
291	1.0
292	0.9980119284294234
293	0.9960238568588469
294	0.9960238568588469
295	0.9960238568588469
296	0.9960238568588469
297	0.9940357852882704
298	0.9980119284294234
299	0.9980119284294234
300	0.9980119284294234
301	0.9980119284294234
302	1.0
303	0.9980119284294234
304	0.9960238568588469
305	0.9960238568588469
306	0.9940357852882704
307	1.0
308	0.9960238568588469
309	0.9940357852882704
310	0.9980119284294234
311	0.9960238568588469
312	1.0
313	1.0
314	0.9980119284294234
315	0.9980119284294234
316	0.9980119284294234
317	1.0
318	1.0
319	1.0
320	1.0
321	0.9980119284294234
322	1.0
323	1.0
324	1.0
325	0.9960238568588469
326	1.0
327	1.0
328	0.9980119284294234
329	1.0
330	1.0
331	1.0
332	1.0
333	1.0
334	0.9960238568588469
335	0.9960238568588469
336	0.9960238568588469
337	1.0
338	0.9960238568588469
339	1.0
340	1.0
341	1.0
342	0.9980119284294234
343	0.9960238568588469
344	0.9980119284294234
345	0.9980119284294234
346	0.9940357852882704
347	1.0
348	1.0
349	1.0
350	1.0
351	0.9980119284294234
352	0.9980119284294234
353	0.9960238568588469
354	0.9960238568588469
355	0.9980119284294234
356	1.0
357	1.0
358	1.0
359	1.0
360	1.0
361	0.9980119284294234
362	1.0
363	1.0
364	1.0
365	1.0
366	1.0
367	1.0
368	1.0
369	1.0
370	0.9980119284294234
371	1.0
372	1.0
373	1.0
374	1.0
375	1.0
376	0.9960238568588469
377	1.0
378	0.9960238568588469
379	0.9960238568588469
380	0.9980119284294234
381	0.9980119284294234
382	0.9980119284294234
383	0.9960238568588469
384	0.9960238568588469
385	1.0
386	1.0
387	1.0
388	0.9980119284294234
389	0.9960238568588469
390	0.9940357852882704
391	0.9960238568588469
392	1.0
393	0.9960238568588469
394	0.9960238568588469
395	1.0
396	1.0
397	0.9980119284294234
398	0.9980119284294234
399	0.9980119284294234
400	0.9960238568588469
401	0.9980119284294234
402	0.9980119284294234
403	0.9960238568588469
404	1.0
405	0.9980119284294234
406	0.9980119284294234
407	0.9980119284294234
408	0.9960238568588469
409	0.9960238568588469
410	0.9940357852882704
411	0.9980119284294234
412	1.0
413	1.0
414	0.9980119284294234
415	0.9980119284294234
416	0.9980119284294234
417	0.9980119284294234
418	0.9980119284294234
419	1.0
420	1.0
421	1.0
422	1.0
423	0.9980119284294234
424	1.0
425	1.0
426	1.0
427	1.0
428	1.0
429	0.9980119284294234
430	0.9960238568588469
431	0.9960238568588469
432	1.0
433	1.0
434	1.0
435	1.0
436	1.0
437	1.0
438	0.9980119284294234
439	0.9960238568588469
440	1.0
441	1.0
442	1.0
443	1.0
444	1.0
445	0.9980119284294234
446	0.9940357852882704
447	0.9940357852882704
448	0.9940357852882704
449	1.0
450	1.0
451	1.0
452	1.0
453	1.0
454	0.9980119284294234
455	0.9980119284294234
456	0.9980119284294234
457	0.9940357852882704
458	0.9940357852882704
459	0.9960238568588469
460	0.9960238568588469
461	1.0
462	1.0
463	1.0
464	0.9980119284294234
465	0.9980119284294234
466	0.9980119284294234
467	0.9980119284294234
468	0.9960238568588469
469	0.9960238568588469
470	0.9980119284294234
471	0.9980119284294234
472	0.9980119284294234
473	1.0
474	1.0
475	0.9980119284294234
476	0.9960238568588469
477	1.0
478	1.0
479	1.0
480	1.0
481	1.0
482	0.9960238568588469
483	0.9980119284294234
484	1.0
485	1.0
486	1.0
487	0.9980119284294234
488	0.9960238568588469
489	0.9940357852882704
490	0.9980119284294234
491	0.9980119284294234
492	0.9980119284294234
493	0.9980119284294234
494	0.9960238568588469
495	0.9920477137176938
496	0.9920477137176938
497	0.9980119284294234
498	0.9980119284294234
499	1.0
500	1.0
