1	0.21233766233766233
2	0.12987012987012986
3	0.13116883116883116
4	0.18246753246753247
5	0.19285714285714287
6	0.21038961038961038
7	0.22272727272727272
8	0.23766233766233766
9	0.2506493506493506
10	0.275974025974026
11	0.2961038961038961
12	0.32012987012987015
13	0.34675324675324676
14	0.36428571428571427
15	0.39155844155844155
16	0.40714285714285714
17	0.43116883116883115
18	0.4383116883116883
19	0.45714285714285713
20	0.4896103896103896
21	0.5038961038961038
22	0.5019480519480519
23	0.5077922077922078
24	0.5357142857142857
25	0.5564935064935065
26	0.5584415584415584
27	0.5798701298701299
28	0.6045454545454545
29	0.5909090909090909
30	0.6038961038961039
31	0.6279220779220779
32	0.6285714285714286
33	0.6324675324675325
34	0.6480519480519481
35	0.6649350649350649
36	0.6707792207792208
37	0.6467532467532467
38	0.6798701298701298
39	0.688961038961039
40	0.6772727272727272
41	0.6922077922077922
42	0.6857142857142857
43	0.6915584415584416
44	0.7064935064935065
45	0.711038961038961
46	0.7116883116883117
47	0.7435064935064936
48	0.7454545454545455
49	0.7558441558441559
50	0.7623376623376623
51	0.7681818181818182
52	0.7772727272727272
53	0.7610389610389611
54	0.772077922077922
55	0.7616883116883116
56	0.7902597402597402
57	0.8038961038961039
58	0.811038961038961
59	0.811038961038961
60	0.8220779220779221
61	0.8272727272727273
62	0.8350649350649351
63	0.8324675324675325
64	0.8428571428571429
65	0.8474025974025974
66	0.8603896103896104
67	0.8551948051948052
68	0.8597402597402597
69	0.8538961038961039
70	0.8597402597402597
71	0.8811688311688312
72	0.8915584415584416
73	0.8909090909090909
74	0.8915584415584416
75	0.8974025974025974
76	0.9006493506493507
77	0.9084415584415585
78	0.9084415584415585
79	0.9103896103896104
80	0.9012987012987013
81	0.9
82	0.9025974025974026
83	0.9188311688311688
84	0.9305194805194805
85	0.9207792207792208
86	0.9214285714285714
87	0.9357142857142857
88	0.9383116883116883
89	0.948051948051948
90	0.9435064935064935
91	0.9344155844155844
92	0.9428571428571428
93	0.9409090909090909
94	0.9441558441558442
95	0.9545454545454546
96	0.9538961038961039
97	0.951948051948052
98	0.9577922077922078
99	0.9636363636363636
100	0.9584415584415584
101	0.9616883116883117
102	0.9623376623376624
103	0.9694805194805195
104	0.9733766233766233
105	0.9753246753246754
106	0.974025974025974
107	0.9681818181818181
108	0.9720779220779221
109	0.977922077922078
110	0.9714285714285714
111	0.9727272727272728
112	0.9707792207792207
113	0.9733766233766233
114	0.9720779220779221
115	0.9733766233766233
116	0.9766233766233766
117	0.974025974025974
118	0.9733766233766233
119	0.9857142857142858
120	0.9805194805194806
121	0.9831168831168832
122	0.9896103896103896
123	0.9857142857142858
124	0.9928571428571429
125	0.9889610389610389
126	0.9831168831168832
127	0.9876623376623377
128	0.9857142857142858
129	0.9883116883116884
130	0.9876623376623377
131	0.9850649350649351
132	0.987012987012987
133	0.9883116883116884
134	0.9863636363636363
135	0.9889610389610389
136	0.9896103896103896
137	0.9889610389610389
138	0.990909090909091
139	0.9915584415584415
140	0.9928571428571429
141	0.9915584415584415
142	0.9889610389610389
143	0.9876623376623377
144	0.9902597402597403
145	0.990909090909091
146	0.990909090909091
147	0.990909090909091
148	0.990909090909091
149	0.990909090909091
150	0.9941558441558441
151	0.990909090909091
152	0.9928571428571429
153	0.9935064935064936
154	0.9954545454545455
155	0.9928571428571429
156	0.9935064935064936
157	0.9928571428571429
158	0.9928571428571429
159	0.9915584415584415
160	0.9954545454545455
161	0.9928571428571429
162	0.9915584415584415
163	0.9941558441558441
164	0.9941558441558441
165	0.9883116883116884
166	0.9876623376623377
167	0.990909090909091
168	0.9928571428571429
169	0.9935064935064936
170	0.9922077922077922
171	0.9928571428571429
172	0.9928571428571429
173	0.9915584415584415
174	0.9941558441558441
175	0.9935064935064936
176	0.990909090909091
177	0.9948051948051948
178	0.9915584415584415
179	0.9954545454545455
180	0.9935064935064936
181	0.990909090909091
182	0.9889610389610389
183	0.9902597402597403
184	0.9915584415584415
185	0.9948051948051948
186	0.9935064935064936
187	0.9935064935064936
188	0.9967532467532467
189	0.9948051948051948
190	0.9954545454545455
191	0.9915584415584415
192	0.9922077922077922
193	0.9961038961038962
194	0.9974025974025974
195	0.9967532467532467
196	0.9941558441558441
197	0.9922077922077922
198	0.9935064935064936
199	0.9928571428571429
200	0.9935064935064936
201	0.9948051948051948
202	0.9928571428571429
203	0.9948051948051948
204	0.9961038961038962
205	0.9902597402597403
206	0.9915584415584415
207	0.9948051948051948
208	0.9941558441558441
209	0.9948051948051948
210	0.9967532467532467
211	0.9941558441558441
212	0.9967532467532467
213	0.9954545454545455
214	0.9974025974025974
215	0.9941558441558441
216	0.9935064935064936
217	0.9922077922077922
218	0.990909090909091
219	0.9941558441558441
220	0.9948051948051948
221	0.9948051948051948
222	0.9922077922077922
223	0.9889610389610389
224	0.9922077922077922
225	0.9902597402597403
226	0.9889610389610389
227	0.9896103896103896
228	0.990909090909091
229	0.9915584415584415
230	0.9902597402597403
231	0.9915584415584415
232	0.9941558441558441
233	0.9941558441558441
234	0.9967532467532467
235	0.9974025974025974
236	0.9967532467532467
237	0.9948051948051948
238	0.9948051948051948
239	0.9974025974025974
240	0.9954545454545455
241	0.9941558441558441
242	0.9948051948051948
243	0.9941558441558441
244	0.9961038961038962
245	0.9935064935064936
246	0.9967532467532467
247	0.9928571428571429
248	0.9961038961038962
249	0.9961038961038962
250	0.9948051948051948
251	0.9935064935064936
252	0.9941558441558441
253	0.9922077922077922
254	0.9967532467532467
255	0.9935064935064936
256	0.9941558441558441
257	0.9935064935064936
258	0.9954545454545455
259	0.9928571428571429
260	0.9896103896103896
261	0.9896103896103896
262	0.9935064935064936
263	0.9941558441558441
264	0.9974025974025974
265	0.9961038961038962
266	0.9954545454545455
267	0.9961038961038962
268	0.9935064935064936
269	0.987012987012987
270	0.9915584415584415
271	0.9915584415584415
272	0.9928571428571429
273	0.9922077922077922
274	0.9935064935064936
275	0.9935064935064936
276	0.9941558441558441
277	0.9941558441558441
278	0.9948051948051948
279	0.9961038961038962
280	0.9961038961038962
281	0.9954545454545455
282	0.9935064935064936
283	0.9954545454545455
284	0.9954545454545455
285	0.9935064935064936
286	0.9954545454545455
287	0.9922077922077922
288	0.9961038961038962
289	0.9974025974025974
290	0.9948051948051948
291	0.9954545454545455
292	0.9935064935064936
293	0.9915584415584415
294	0.9928571428571429
295	0.9954545454545455
296	0.9948051948051948
297	0.9948051948051948
298	0.9928571428571429
299	0.9954545454545455
300	0.9922077922077922
301	0.9941558441558441
302	0.9935064935064936
303	0.9967532467532467
304	0.9954545454545455
305	0.9948051948051948
306	0.9941558441558441
307	0.9941558441558441
308	0.9941558441558441
309	0.9948051948051948
310	0.9948051948051948
311	0.9941558441558441
312	0.9948051948051948
313	0.9961038961038962
314	0.9941558441558441
315	0.9954545454545455
316	0.9928571428571429
317	0.9948051948051948
318	0.9954545454545455
319	0.9974025974025974
320	0.9961038961038962
321	0.9948051948051948
322	0.9948051948051948
323	0.9954545454545455
324	0.9935064935064936
325	0.9915584415584415
326	0.9935064935064936
327	0.9948051948051948
328	0.9954545454545455
329	0.9948051948051948
330	0.9954545454545455
331	0.9980519480519481
332	0.9961038961038962
333	0.990909090909091
334	0.9954545454545455
335	0.9941558441558441
336	0.9948051948051948
337	0.9928571428571429
338	0.9961038961038962
339	0.9941558441558441
340	0.9935064935064936
341	0.9954545454545455
342	0.9948051948051948
343	0.9961038961038962
344	0.9922077922077922
345	0.9935064935064936
346	0.9954545454545455
347	0.9935064935064936
348	0.9935064935064936
349	0.9941558441558441
350	0.9941558441558441
351	0.9941558441558441
352	0.9967532467532467
353	0.9980519480519481
354	0.9961038961038962
355	0.9967532467532467
356	0.9954545454545455
357	0.9922077922077922
358	0.9954545454545455
359	0.9961038961038962
360	0.9954545454545455
361	0.9948051948051948
362	0.9928571428571429
363	0.9948051948051948
364	0.9928571428571429
365	0.9928571428571429
366	0.9935064935064936
367	0.9941558441558441
368	0.9935064935064936
369	0.9948051948051948
370	0.9941558441558441
371	0.9922077922077922
372	0.9928571428571429
373	0.9902597402597403
374	0.9948051948051948
375	0.9948051948051948
376	0.9935064935064936
377	0.9922077922077922
378	0.9954545454545455
379	0.9948051948051948
380	0.9915584415584415
381	0.9896103896103896
382	0.9941558441558441
383	0.9928571428571429
384	0.9941558441558441
385	0.9941558441558441
386	0.9961038961038962
387	0.9961038961038962
388	0.9941558441558441
389	0.9948051948051948
390	0.9961038961038962
391	0.9961038961038962
392	0.9948051948051948
393	0.9974025974025974
394	0.9980519480519481
395	0.9961038961038962
396	0.9954545454545455
397	0.9948051948051948
398	0.9948051948051948
399	0.9961038961038962
400	0.990909090909091
401	0.990909090909091
402	0.9915584415584415
403	0.9902597402597403
404	0.9902597402597403
405	0.9889610389610389
406	0.9948051948051948
407	0.9967532467532467
408	0.9948051948051948
409	0.9941558441558441
410	0.9948051948051948
411	0.990909090909091
412	0.9941558441558441
413	0.9954545454545455
414	0.9935064935064936
415	0.9941558441558441
416	0.9993506493506493
417	0.9974025974025974
418	0.9961038961038962
419	0.9961038961038962
420	0.9948051948051948
421	0.9980519480519481
422	0.9941558441558441
423	0.9961038961038962
424	0.9967532467532467
425	0.9974025974025974
426	0.9967532467532467
427	0.9967532467532467
428	0.9954545454545455
429	0.9941558441558441
430	0.9993506493506493
431	0.9967532467532467
432	0.9967532467532467
433	0.9928571428571429
434	0.9935064935064936
435	0.9935064935064936
436	0.9915584415584415
437	0.9941558441558441
438	0.9928571428571429
439	0.9935064935064936
440	0.990909090909091
441	0.9941558441558441
442	0.9948051948051948
443	0.9948051948051948
444	0.9941558441558441
445	0.9967532467532467
446	0.9961038961038962
447	0.9980519480519481
448	0.9948051948051948
449	0.9941558441558441
450	0.9961038961038962
451	0.9948051948051948
452	0.9967532467532467
453	0.9915584415584415
454	0.9928571428571429
455	0.9974025974025974
456	0.9941558441558441
457	0.9954545454545455
458	0.9967532467532467
459	0.9948051948051948
460	0.9948051948051948
461	0.9922077922077922
462	0.9967532467532467
463	0.9954545454545455
464	0.9980519480519481
465	0.9967532467532467
466	0.9935064935064936
467	0.990909090909091
468	0.9915584415584415
469	0.9948051948051948
470	0.9954545454545455
471	0.9935064935064936
472	0.9961038961038962
473	0.9954545454545455
474	0.9941558441558441
475	0.9954545454545455
476	0.9974025974025974
477	0.9974025974025974
478	0.9954545454545455
479	0.9922077922077922
480	0.9941558441558441
481	0.9961038961038962
482	0.9961038961038962
483	0.9935064935064936
484	0.9935064935064936
485	0.9902597402597403
486	0.990909090909091
487	0.9941558441558441
488	0.9941558441558441
489	0.9928571428571429
490	0.9941558441558441
491	0.9967532467532467
492	0.9954545454545455
493	0.9941558441558441
494	0.9948051948051948
495	0.9967532467532467
496	0.9961038961038962
497	0.9967532467532467
498	0.9954545454545455
499	0.9961038961038962
500	0.9961038961038962
501	0.9954545454545455
502	0.9935064935064936
503	0.9948051948051948
504	0.9948051948051948
505	0.9935064935064936
506	0.9915584415584415
507	0.9928571428571429
508	0.9941558441558441
509	0.9961038961038962
510	0.9961038961038962
511	0.9948051948051948
512	0.9922077922077922
513	0.9922077922077922
514	0.990909090909091
515	0.9922077922077922
516	0.9935064935064936
517	0.9935064935064936
518	0.9922077922077922
519	0.9915584415584415
520	0.9935064935064936
521	0.9922077922077922
522	0.990909090909091
523	0.9922077922077922
524	0.9915584415584415
525	0.9941558441558441
526	0.9974025974025974
527	0.9928571428571429
528	0.9954545454545455
529	0.9922077922077922
530	0.9928571428571429
531	0.9928571428571429
532	0.9935064935064936
533	0.9941558441558441
534	0.9935064935064936
535	0.9941558441558441
536	0.9961038961038962
537	0.9954545454545455
538	0.9967532467532467
539	0.9948051948051948
540	0.9967532467532467
541	0.9935064935064936
542	0.9941558441558441
543	0.9948051948051948
544	0.9915584415584415
545	0.9915584415584415
546	0.9948051948051948
547	0.9987012987012988
548	0.9974025974025974
549	0.9961038961038962
550	0.9928571428571429
551	0.9948051948051948
552	0.9948051948051948
553	0.9928571428571429
554	0.9922077922077922
555	0.9922077922077922
556	0.9941558441558441
557	0.9922077922077922
558	0.9928571428571429
559	0.9915584415584415
560	0.9967532467532467
561	0.9941558441558441
562	0.9928571428571429
563	0.9928571428571429
564	0.9922077922077922
565	0.9922077922077922
566	0.9928571428571429
567	0.9922077922077922
568	0.9922077922077922
569	0.9954545454545455
570	0.9948051948051948
571	0.9961038961038962
572	0.9980519480519481
573	0.9954545454545455
574	0.9928571428571429
575	0.9935064935064936
576	0.9915584415584415
577	0.9954545454545455
578	0.9935064935064936
579	0.9941558441558441
580	0.9935064935064936
581	0.9935064935064936
582	0.9967532467532467
583	0.9974025974025974
584	0.9935064935064936
585	0.9941558441558441
586	0.9941558441558441
587	0.9935064935064936
588	0.9935064935064936
589	0.9948051948051948
590	0.9948051948051948
591	0.9967532467532467
592	0.9935064935064936
593	0.9948051948051948
594	0.9935064935064936
595	0.9948051948051948
596	0.9954545454545455
597	0.9941558441558441
598	0.9922077922077922
599	0.9928571428571429
600	0.9928571428571429
601	0.9922077922077922
602	0.9902597402597403
603	0.9922077922077922
604	0.9954545454545455
605	0.9935064935064936
606	0.9896103896103896
607	0.9896103896103896
608	0.9948051948051948
609	0.9948051948051948
610	0.9967532467532467
611	0.9883116883116884
612	0.9915584415584415
613	0.9922077922077922
614	0.9941558441558441
615	0.9941558441558441
616	0.9974025974025974
617	0.9954545454545455
618	0.9954545454545455
619	0.9961038961038962
620	0.9954545454545455
621	0.9948051948051948
622	0.9935064935064936
623	0.9941558441558441
624	0.9948051948051948
625	0.9928571428571429
626	0.9941558441558441
627	0.9928571428571429
628	0.9954545454545455
629	0.9948051948051948
630	0.9941558441558441
631	0.9928571428571429
632	0.9928571428571429
633	0.9961038961038962
634	0.9935064935064936
635	0.9928571428571429
636	0.9928571428571429
637	0.9941558441558441
638	0.9948051948051948
639	0.9961038961038962
640	0.9974025974025974
641	0.9980519480519481
642	0.9967532467532467
643	0.9980519480519481
644	0.9980519480519481
645	0.9954545454545455
646	0.9941558441558441
647	0.9935064935064936
648	0.9961038961038962
649	0.9948051948051948
650	0.9941558441558441
651	0.9935064935064936
652	0.9961038961038962
653	0.9954545454545455
654	0.9954545454545455
655	0.9967532467532467
656	0.9974025974025974
657	0.9961038961038962
658	0.9935064935064936
659	0.9967532467532467
660	0.9961038961038962
661	0.9954545454545455
662	0.9935064935064936
663	0.990909090909091
664	0.9883116883116884
665	0.990909090909091
666	0.9896103896103896
667	0.990909090909091
668	0.9928571428571429
669	0.9935064935064936
670	0.9961038961038962
671	0.9935064935064936
672	0.9954545454545455
673	0.9941558441558441
674	0.9954545454545455
675	0.9954545454545455
676	0.9967532467532467
677	0.9967532467532467
678	0.9948051948051948
679	0.9961038961038962
680	0.9961038961038962
681	0.9974025974025974
682	0.9954545454545455
683	0.9967532467532467
684	0.9954545454545455
685	0.9948051948051948
686	0.9948051948051948
687	0.9980519480519481
688	0.9948051948051948
689	0.9974025974025974
690	0.9954545454545455
691	0.9974025974025974
692	0.9941558441558441
693	0.9954545454545455
694	0.9941558441558441
695	0.9974025974025974
696	0.9948051948051948
697	0.9967532467532467
698	0.9948051948051948
699	0.9941558441558441
700	0.9935064935064936
701	0.9928571428571429
702	0.9941558441558441
703	0.9954545454545455
704	0.9948051948051948
705	0.990909090909091
706	0.9935064935064936
707	0.9928571428571429
708	0.9915584415584415
709	0.9961038961038962
710	0.9974025974025974
711	0.9954545454545455
712	0.9948051948051948
713	0.9961038961038962
714	0.9974025974025974
715	0.9928571428571429
716	0.9948051948051948
717	0.9928571428571429
718	0.9941558441558441
719	0.9974025974025974
720	0.9967532467532467
721	0.9954545454545455
722	0.9902597402597403
723	0.990909090909091
724	0.9948051948051948
725	0.9935064935064936
726	0.9941558441558441
727	0.9961038961038962
728	0.9961038961038962
729	0.9941558441558441
730	0.9954545454545455
731	0.9961038961038962
732	0.9948051948051948
733	0.9941558441558441
734	0.9954545454545455
735	0.9974025974025974
736	0.9948051948051948
737	0.9935064935064936
738	0.9883116883116884
739	0.9928571428571429
740	0.9967532467532467
741	0.9967532467532467
742	0.9993506493506493
743	0.9993506493506493
744	0.9974025974025974
745	0.9967532467532467
746	0.9941558441558441
747	0.9948051948051948
748	0.9967532467532467
749	0.9980519480519481
750	0.9993506493506493
751	0.9967532467532467
752	0.9941558441558441
753	0.9941558441558441
754	0.9967532467532467
755	0.9954545454545455
756	0.9948051948051948
757	0.9928571428571429
758	0.9954545454545455
759	0.9928571428571429
760	0.9928571428571429
761	0.9928571428571429
762	0.9902597402597403
763	0.9928571428571429
764	0.9922077922077922
765	0.9922077922077922
766	0.9876623376623377
767	0.9889610389610389
768	0.9941558441558441
769	0.9935064935064936
770	0.9954545454545455
771	0.9941558441558441
772	0.9935064935064936
773	0.9954545454545455
774	0.9928571428571429
775	0.990909090909091
776	0.9948051948051948
777	0.9954545454545455
778	0.9974025974025974
779	0.9948051948051948
780	0.9928571428571429
781	0.9941558441558441
782	0.990909090909091
783	0.9948051948051948
784	0.9961038961038962
785	0.9948051948051948
786	0.9954545454545455
787	0.9948051948051948
788	0.9954545454545455
789	0.9974025974025974
790	0.9987012987012988
791	0.9967532467532467
792	0.9974025974025974
793	0.9987012987012988
794	0.9954545454545455
795	0.9961038961038962
796	0.9941558441558441
797	0.9948051948051948
798	0.9948051948051948
799	0.9954545454545455
800	0.9954545454545455
801	0.9935064935064936
802	0.9915584415584415
803	0.9935064935064936
804	0.9967532467532467
805	0.9941558441558441
806	0.9974025974025974
807	0.9967532467532467
808	0.9948051948051948
809	0.9954545454545455
810	0.9987012987012988
811	0.9980519480519481
812	0.9961038961038962
813	0.9941558441558441
814	0.9974025974025974
815	0.9961038961038962
816	0.9935064935064936
817	0.9948051948051948
818	0.9948051948051948
819	0.9967532467532467
820	0.9948051948051948
821	0.9941558441558441
822	0.9941558441558441
823	0.9896103896103896
824	0.9941558441558441
825	0.9954545454545455
826	0.9935064935064936
827	0.9941558441558441
828	0.9935064935064936
829	0.9915584415584415
830	0.9922077922077922
831	0.9928571428571429
832	0.9935064935064936
833	0.9954545454545455
834	0.9915584415584415
835	0.9902597402597403
836	0.9922077922077922
837	0.9941558441558441
838	0.9961038961038962
839	0.990909090909091
840	0.9902597402597403
841	0.9889610389610389
842	0.9876623376623377
843	0.9902597402597403
844	0.9915584415584415
845	0.9915584415584415
846	0.9935064935064936
847	0.9922077922077922
848	0.9915584415584415
849	0.9948051948051948
850	0.9954545454545455
851	0.9967532467532467
852	0.9941558441558441
853	0.9954545454545455
854	0.9948051948051948
855	0.9948051948051948
856	0.9954545454545455
857	0.9967532467532467
858	0.9941558441558441
859	0.9954545454545455
860	0.9915584415584415
861	0.990909090909091
862	0.9948051948051948
863	0.9941558441558441
864	0.9915584415584415
865	0.9928571428571429
866	0.9954545454545455
867	0.9967532467532467
868	0.9948051948051948
869	0.9954545454545455
870	0.9889610389610389
871	0.9889610389610389
872	0.990909090909091
873	0.9941558441558441
874	0.9941558441558441
875	0.9935064935064936
876	0.9948051948051948
877	0.9928571428571429
878	0.9967532467532467
879	0.9954545454545455
880	0.9967532467532467
881	0.9948051948051948
882	0.9935064935064936
883	0.9928571428571429
884	0.9915584415584415
885	0.9922077922077922
886	0.9941558441558441
887	0.9948051948051948
888	0.9935064935064936
889	0.9941558441558441
890	0.9954545454545455
891	0.9948051948051948
892	0.9967532467532467
893	0.9941558441558441
894	0.9928571428571429
895	0.9961038961038962
896	0.9941558441558441
897	0.9948051948051948
898	0.9928571428571429
899	0.9948051948051948
900	0.9967532467532467
901	0.9961038961038962
902	0.9967532467532467
903	0.9941558441558441
904	0.9954545454545455
905	0.9980519480519481
906	0.9980519480519481
907	0.9954545454545455
908	0.9922077922077922
909	0.9915584415584415
910	0.9948051948051948
911	0.9948051948051948
912	0.9961038961038962
913	0.9954545454545455
914	0.9922077922077922
915	0.9935064935064936
916	0.9961038961038962
917	0.9928571428571429
918	0.9935064935064936
919	0.9915584415584415
920	0.9941558441558441
921	0.9954545454545455
922	0.9954545454545455
923	0.9928571428571429
924	0.9941558441558441
925	0.9922077922077922
926	0.9915584415584415
927	0.9915584415584415
928	0.9928571428571429
929	0.9928571428571429
930	0.990909090909091
931	0.9935064935064936
932	0.9941558441558441
933	0.9896103896103896
934	0.987012987012987
935	0.9915584415584415
936	0.9915584415584415
937	0.9922077922077922
938	0.9941558441558441
939	0.9948051948051948
940	0.9935064935064936
941	0.9954545454545455
942	0.9954545454545455
943	0.9941558441558441
944	0.9928571428571429
945	0.9954545454545455
946	0.9941558441558441
947	0.9928571428571429
948	0.9948051948051948
949	0.9922077922077922
950	0.9948051948051948
951	0.9935064935064936
952	0.9948051948051948
953	0.9941558441558441
954	0.9967532467532467
955	0.9974025974025974
956	0.990909090909091
957	0.9935064935064936
958	0.9954545454545455
959	0.9948051948051948
960	0.9967532467532467
961	0.9915584415584415
962	0.9941558441558441
963	0.9935064935064936
964	0.990909090909091
965	0.9922077922077922
966	0.9928571428571429
967	0.9915584415584415
968	0.9941558441558441
969	0.9928571428571429
970	0.9961038961038962
971	0.9961038961038962
972	0.9961038961038962
973	0.9954545454545455
974	0.9961038961038962
975	0.9954545454545455
976	0.9954545454545455
977	0.9961038961038962
978	0.9961038961038962
979	0.9935064935064936
980	0.9928571428571429
981	0.9974025974025974
982	0.9954545454545455
983	0.9974025974025974
984	0.9961038961038962
985	0.9954545454545455
986	0.9993506493506493
987	0.9967532467532467
988	0.9954545454545455
989	0.9954545454545455
990	0.9915584415584415
991	0.9928571428571429
992	0.9928571428571429
993	0.9941558441558441
994	0.9954545454545455
995	0.9993506493506493
996	0.9980519480519481
997	0.9948051948051948
998	0.9974025974025974
999	0.9961038961038962
1000	0.9961038961038962
