1	0.07868852459016394
2	0.07540983606557378
3	0.08196721311475409
4	0.14426229508196722
5	0.15737704918032788
6	0.19672131147540983
7	0.23278688524590163
8	0.28524590163934427
9	0.32131147540983607
10	0.3081967213114754
11	0.36065573770491804
12	0.3704918032786885
13	0.4163934426229508
14	0.39672131147540984
15	0.4098360655737705
16	0.4721311475409836
17	0.49508196721311476
18	0.5245901639344263
19	0.5081967213114754
20	0.5114754098360655
21	0.5114754098360655
22	0.5475409836065573
23	0.521311475409836
24	0.5442622950819672
25	0.5573770491803278
26	0.5704918032786885
27	0.5868852459016394
28	0.5672131147540984
29	0.5573770491803278
30	0.5672131147540984
31	0.6065573770491803
32	0.6163934426229508
33	0.6131147540983607
34	0.6032786885245902
35	0.6459016393442623
36	0.6262295081967213
37	0.6426229508196721
38	0.6721311475409836
39	0.6295081967213115
40	0.659016393442623
41	0.6655737704918033
42	0.6721311475409836
43	0.6622950819672131
44	0.639344262295082
45	0.6918032786885245
46	0.6655737704918033
47	0.6786885245901639
48	0.6754098360655738
49	0.7114754098360656
50	0.7081967213114754
51	0.7245901639344262
52	0.7180327868852459
53	0.6983606557377049
54	0.6819672131147541
55	0.6786885245901639
56	0.7278688524590164
57	0.7081967213114754
58	0.7081967213114754
59	0.7016393442622951
60	0.6786885245901639
61	0.7016393442622951
62	0.7213114754098361
63	0.7081967213114754
64	0.7180327868852459
65	0.7442622950819672
66	0.7377049180327869
67	0.7508196721311475
68	0.7278688524590164
69	0.7770491803278688
70	0.760655737704918
71	0.7475409836065574
72	0.7081967213114754
73	0.7377049180327869
74	0.7377049180327869
75	0.6983606557377049
76	0.7213114754098361
77	0.7213114754098361
78	0.7180327868852459
79	0.7081967213114754
80	0.7147540983606557
81	0.7475409836065574
82	0.760655737704918
83	0.740983606557377
84	0.7672131147540984
85	0.7901639344262295
86	0.7737704918032787
87	0.740983606557377
88	0.760655737704918
89	0.7475409836065574
90	0.7344262295081967
91	0.7245901639344262
92	0.7508196721311475
93	0.780327868852459
94	0.7737704918032787
95	0.8163934426229508
96	0.7836065573770492
97	0.7770491803278688
98	0.8065573770491803
99	0.7868852459016393
100	0.8229508196721311
101	0.7836065573770492
102	0.7934426229508197
103	0.7901639344262295
104	0.8098360655737705
105	0.780327868852459
106	0.8065573770491803
107	0.8229508196721311
108	0.8065573770491803
109	0.7770491803278688
110	0.8
111	0.7967213114754098
112	0.7639344262295082
113	0.8
114	0.780327868852459
115	0.8229508196721311
116	0.8
117	0.819672131147541
118	0.8622950819672132
119	0.8131147540983606
120	0.7868852459016393
121	0.7934426229508197
122	0.8163934426229508
123	0.8590163934426229
124	0.8360655737704918
125	0.8459016393442623
126	0.7868852459016393
127	0.7967213114754098
128	0.819672131147541
129	0.8229508196721311
130	0.819672131147541
131	0.819672131147541
132	0.819672131147541
133	0.8622950819672132
134	0.839344262295082
135	0.8327868852459016
136	0.8327868852459016
137	0.8524590163934426
138	0.8491803278688524
139	0.8688524590163934
140	0.8754098360655738
141	0.8688524590163934
142	0.8524590163934426
143	0.8557377049180328
144	0.8524590163934426
145	0.8459016393442623
146	0.8459016393442623
147	0.8491803278688524
148	0.8360655737704918
149	0.8590163934426229
150	0.8688524590163934
151	0.8524590163934426
152	0.8688524590163934
153	0.8852459016393442
154	0.8754098360655738
155	0.9081967213114754
156	0.9049180327868852
157	0.8721311475409836
158	0.8721311475409836
159	0.898360655737705
160	0.9081967213114754
161	0.8754098360655738
162	0.8852459016393442
163	0.9016393442622951
164	0.9016393442622951
165	0.9278688524590164
166	0.9245901639344263
167	0.898360655737705
168	0.8852459016393442
169	0.9114754098360656
170	0.898360655737705
171	0.8819672131147541
172	0.9049180327868852
173	0.8819672131147541
174	0.8885245901639345
175	0.898360655737705
176	0.9245901639344263
177	0.921311475409836
178	0.8918032786885246
179	0.9016393442622951
180	0.921311475409836
181	0.9278688524590164
182	0.9147540983606557
183	0.921311475409836
184	0.8819672131147541
185	0.9147540983606557
186	0.9442622950819672
187	0.921311475409836
188	0.8918032786885246
189	0.8852459016393442
190	0.9114754098360656
191	0.9081967213114754
192	0.9016393442622951
193	0.8590163934426229
194	0.8885245901639345
195	0.898360655737705
196	0.9049180327868852
197	0.9016393442622951
198	0.8950819672131147
199	0.8819672131147541
200	0.9016393442622951
201	0.9016393442622951
202	0.9442622950819672
203	0.9245901639344263
204	0.9081967213114754
205	0.921311475409836
206	0.9278688524590164
207	0.9278688524590164
208	0.9311475409836065
209	0.940983606557377
210	0.940983606557377
211	0.9442622950819672
212	0.9147540983606557
213	0.9016393442622951
214	0.940983606557377
215	0.9442622950819672
216	0.9147540983606557
217	0.9475409836065574
218	0.9245901639344263
219	0.9016393442622951
220	0.9114754098360656
221	0.9180327868852459
222	0.9114754098360656
223	0.9344262295081968
224	0.9114754098360656
225	0.9147540983606557
226	0.9344262295081968
227	0.9114754098360656
228	0.940983606557377
229	0.9344262295081968
230	0.9344262295081968
231	0.9377049180327869
232	0.9278688524590164
233	0.9442622950819672
234	0.9278688524590164
235	0.9311475409836065
236	0.9540983606557377
237	0.9344262295081968
238	0.940983606557377
239	0.9475409836065574
240	0.9573770491803278
241	0.9573770491803278
242	0.9540983606557377
243	0.940983606557377
244	0.9377049180327869
245	0.9475409836065574
246	0.9245901639344263
247	0.940983606557377
248	0.940983606557377
249	0.9475409836065574
250	0.9606557377049181
251	0.940983606557377
252	0.9442622950819672
253	0.9344262295081968
254	0.9540983606557377
255	0.9606557377049181
256	0.9311475409836065
257	0.9278688524590164
258	0.9442622950819672
259	0.9311475409836065
260	0.9475409836065574
261	0.9377049180327869
262	0.9442622950819672
263	0.9573770491803278
264	0.9639344262295082
265	0.9704918032786886
266	0.9573770491803278
267	0.9475409836065574
268	0.9475409836065574
269	0.9704918032786886
270	0.9278688524590164
271	0.9606557377049181
272	0.9639344262295082
273	0.9344262295081968
274	0.9672131147540983
275	0.9442622950819672
276	0.9442622950819672
277	0.940983606557377
278	0.940983606557377
279	0.9180327868852459
280	0.9377049180327869
281	0.9344262295081968
282	0.9344262295081968
283	0.9442622950819672
284	0.940983606557377
285	0.9311475409836065
286	0.9311475409836065
287	0.980327868852459
288	0.9508196721311475
289	0.9573770491803278
290	0.9540983606557377
291	0.9704918032786886
292	0.9540983606557377
293	0.9704918032786886
294	0.980327868852459
295	0.9704918032786886
296	0.9672131147540983
297	0.9704918032786886
298	0.9672131147540983
299	0.9737704918032787
300	0.9639344262295082
301	0.9606557377049181
302	0.9573770491803278
303	0.9606557377049181
304	0.9672131147540983
305	0.9508196721311475
306	0.9737704918032787
307	0.9475409836065574
308	0.9737704918032787
309	0.9573770491803278
310	0.9606557377049181
311	0.940983606557377
312	0.9639344262295082
313	0.9475409836065574
314	0.9540983606557377
315	0.9737704918032787
316	0.9737704918032787
317	0.9672131147540983
318	0.980327868852459
319	0.9836065573770492
320	0.9770491803278688
321	0.980327868852459
322	0.9573770491803278
323	0.9737704918032787
324	0.9540983606557377
325	0.9573770491803278
326	0.9639344262295082
327	0.9606557377049181
328	0.9540983606557377
329	0.980327868852459
330	0.9540983606557377
331	0.9737704918032787
332	0.9573770491803278
333	0.9901639344262295
334	0.980327868852459
335	0.980327868852459
336	0.9639344262295082
337	0.9508196721311475
338	0.9672131147540983
339	0.9639344262295082
340	0.9672131147540983
341	0.9508196721311475
342	0.9704918032786886
343	0.9672131147540983
344	0.9508196721311475
345	0.9672131147540983
346	0.9540983606557377
347	0.9704918032786886
348	0.9606557377049181
349	0.980327868852459
350	0.9770491803278688
351	0.9868852459016394
352	0.9934426229508196
353	0.9770491803278688
354	0.9770491803278688
355	0.9639344262295082
356	0.9704918032786886
357	0.9672131147540983
358	0.980327868852459
359	0.9836065573770492
360	0.9836065573770492
361	0.9672131147540983
362	0.9672131147540983
363	0.9836065573770492
364	0.9770491803278688
365	0.9704918032786886
366	0.9901639344262295
367	0.9836065573770492
368	0.9836065573770492
369	0.9836065573770492
370	0.980327868852459
371	0.9934426229508196
372	0.980327868852459
373	0.9737704918032787
374	0.980327868852459
375	0.980327868852459
376	0.9868852459016394
377	0.9934426229508196
378	0.9836065573770492
379	0.9868852459016394
380	0.9737704918032787
381	0.9770491803278688
382	0.9770491803278688
383	0.9901639344262295
384	0.9836065573770492
385	0.9868852459016394
386	0.9770491803278688
387	0.9934426229508196
388	0.9901639344262295
389	0.980327868852459
390	0.9901639344262295
391	0.9901639344262295
392	0.9868852459016394
393	0.9868852459016394
394	0.9836065573770492
395	0.9901639344262295
396	0.9868852459016394
397	0.9901639344262295
398	0.9836065573770492
399	0.9836065573770492
400	0.980327868852459
401	0.9868852459016394
402	0.9868852459016394
403	0.980327868852459
404	0.9836065573770492
405	0.980327868852459
406	0.9901639344262295
407	0.9770491803278688
408	0.980327868852459
409	0.9836065573770492
410	0.980327868852459
411	0.9901639344262295
412	0.9836065573770492
413	0.9901639344262295
414	0.9901639344262295
415	0.9836065573770492
416	0.980327868852459
417	0.9704918032786886
418	0.9836065573770492
419	0.9770491803278688
420	0.980327868852459
421	0.9868852459016394
422	0.9901639344262295
423	0.9934426229508196
424	0.9901639344262295
425	0.9836065573770492
426	0.9836065573770492
427	0.9836065573770492
428	0.980327868852459
429	0.9934426229508196
430	0.9967213114754099
431	0.9901639344262295
432	0.9901639344262295
433	0.9901639344262295
434	0.9967213114754099
435	0.9901639344262295
436	0.9934426229508196
437	0.9868852459016394
438	0.9770491803278688
439	0.9770491803278688
440	0.9868852459016394
441	0.9934426229508196
442	0.9836065573770492
443	0.9836065573770492
444	0.9836065573770492
445	0.9901639344262295
446	0.9868852459016394
447	0.9836065573770492
448	0.9836065573770492
449	0.9836065573770492
450	0.9901639344262295
451	0.9967213114754099
452	0.9868852459016394
453	0.9770491803278688
454	0.9868852459016394
455	0.980327868852459
456	0.9836065573770492
457	0.9836065573770492
458	0.9868852459016394
459	0.9901639344262295
460	0.9901639344262295
461	0.9672131147540983
462	0.9868852459016394
463	0.9868852459016394
464	0.980327868852459
465	0.9901639344262295
466	1.0
467	0.980327868852459
468	0.9868852459016394
469	0.9836065573770492
470	0.9836065573770492
471	0.980327868852459
472	0.9868852459016394
473	0.9770491803278688
474	0.980327868852459
475	0.9901639344262295
476	0.9901639344262295
477	0.9934426229508196
478	0.9934426229508196
479	0.9868852459016394
480	0.9868852459016394
481	0.9901639344262295
482	0.9901639344262295
483	0.9737704918032787
484	0.9934426229508196
485	0.980327868852459
486	0.9836065573770492
487	0.9836065573770492
488	0.9901639344262295
489	0.9868852459016394
490	0.9901639344262295
491	0.9901639344262295
492	0.9868852459016394
493	0.9967213114754099
494	0.9934426229508196
495	0.9934426229508196
496	0.9901639344262295
497	0.9770491803278688
498	0.9836065573770492
499	0.9836065573770492
500	0.9868852459016394
501	0.9836065573770492
502	0.9901639344262295
503	0.9868852459016394
504	0.9901639344262295
505	0.9868852459016394
506	0.9704918032786886
507	0.9901639344262295
508	0.9934426229508196
509	0.9770491803278688
510	0.9737704918032787
511	0.9868852459016394
512	0.9901639344262295
513	0.9770491803278688
514	0.9901639344262295
515	0.9934426229508196
516	0.9868852459016394
517	0.9868852459016394
518	0.9934426229508196
519	0.9836065573770492
520	0.9868852459016394
521	0.9836065573770492
522	0.9934426229508196
523	0.9836065573770492
524	0.9868852459016394
525	0.9901639344262295
526	0.9836065573770492
527	0.9836065573770492
528	0.9901639344262295
529	0.9836065573770492
530	0.9868852459016394
531	0.9901639344262295
532	0.9934426229508196
533	0.9967213114754099
534	0.9868852459016394
535	0.980327868852459
536	0.9868852459016394
537	0.9934426229508196
538	0.9967213114754099
539	0.9836065573770492
540	0.9967213114754099
541	0.9868852459016394
542	0.9836065573770492
543	0.9967213114754099
544	1.0
545	0.9868852459016394
546	0.9901639344262295
547	0.9901639344262295
548	0.9901639344262295
549	0.9934426229508196
550	0.9868852459016394
551	0.9868852459016394
552	0.9934426229508196
553	0.9901639344262295
554	0.9836065573770492
555	0.9934426229508196
556	0.9737704918032787
557	0.9770491803278688
558	0.9836065573770492
559	0.9901639344262295
560	0.9868852459016394
561	0.9934426229508196
562	0.9868852459016394
563	0.9934426229508196
564	0.9836065573770492
565	0.9868852459016394
566	0.9836065573770492
567	0.9868852459016394
568	0.9934426229508196
569	0.9901639344262295
570	0.9967213114754099
571	0.9868852459016394
572	0.9934426229508196
573	0.9868852459016394
574	0.9901639344262295
575	0.9901639344262295
576	0.9868852459016394
577	0.9967213114754099
578	0.9836065573770492
579	0.9901639344262295
580	0.9901639344262295
581	0.9967213114754099
582	0.9868852459016394
583	0.980327868852459
584	0.980327868852459
585	0.9868852459016394
586	0.980327868852459
587	0.9868852459016394
588	0.9901639344262295
589	0.9868852459016394
590	0.9967213114754099
591	0.9967213114754099
592	0.9901639344262295
593	0.9868852459016394
594	0.9868852459016394
595	0.980327868852459
596	0.9934426229508196
597	0.9967213114754099
598	0.9934426229508196
599	0.980327868852459
600	0.9901639344262295
601	0.9934426229508196
602	0.9836065573770492
603	0.9868852459016394
604	0.9836065573770492
605	0.9901639344262295
606	0.9901639344262295
607	0.9868852459016394
608	0.9868852459016394
609	0.9836065573770492
610	0.9901639344262295
611	0.9901639344262295
612	0.9868852459016394
613	0.9868852459016394
614	0.9901639344262295
615	0.9868852459016394
616	0.9901639344262295
617	0.9901639344262295
618	0.9934426229508196
619	0.9836065573770492
620	0.9934426229508196
621	0.9967213114754099
622	0.9934426229508196
623	0.9836065573770492
624	0.9934426229508196
625	0.9868852459016394
626	1.0
627	0.9934426229508196
628	0.9934426229508196
629	0.9934426229508196
630	0.9836065573770492
631	0.9901639344262295
632	0.9901639344262295
633	0.9901639344262295
634	0.9868852459016394
635	0.9934426229508196
636	0.9868852459016394
637	0.9836065573770492
638	0.9836065573770492
639	0.9901639344262295
640	0.9770491803278688
641	0.980327868852459
642	0.9934426229508196
643	0.980327868852459
644	0.9901639344262295
645	0.9901639344262295
646	0.9934426229508196
647	1.0
648	1.0
649	0.9901639344262295
650	0.9901639344262295
651	0.980327868852459
652	0.9967213114754099
653	1.0
654	0.9901639344262295
655	0.9901639344262295
656	0.9868852459016394
657	0.9901639344262295
658	0.9868852459016394
659	0.9868852459016394
660	0.9868852459016394
661	0.9934426229508196
662	0.9901639344262295
663	0.9967213114754099
664	0.9934426229508196
665	0.9934426229508196
666	0.9836065573770492
667	0.9934426229508196
668	0.9868852459016394
669	0.9967213114754099
670	0.9901639344262295
671	0.9868852459016394
672	0.9901639344262295
673	0.9868852459016394
674	0.980327868852459
675	0.9770491803278688
676	0.980327868852459
677	0.9901639344262295
678	0.9901639344262295
679	0.9868852459016394
680	0.9934426229508196
681	0.9901639344262295
682	0.9836065573770492
683	0.9672131147540983
684	0.980327868852459
685	0.980327868852459
686	0.9967213114754099
687	1.0
688	0.9967213114754099
689	0.9934426229508196
690	0.9868852459016394
691	0.9901639344262295
692	0.9836065573770492
693	0.9901639344262295
694	0.9901639344262295
695	0.9934426229508196
696	0.9934426229508196
697	0.9967213114754099
698	0.9770491803278688
699	0.9770491803278688
700	0.9901639344262295
701	0.9967213114754099
702	0.9737704918032787
703	0.980327868852459
704	0.9868852459016394
705	0.9836065573770492
706	0.980327868852459
707	0.9836065573770492
708	0.980327868852459
709	0.980327868852459
710	0.9901639344262295
711	0.9770491803278688
712	0.9934426229508196
713	0.9836065573770492
714	0.9901639344262295
715	0.9868852459016394
716	0.9836065573770492
717	0.9934426229508196
718	0.9901639344262295
719	0.980327868852459
720	0.9868852459016394
721	0.9737704918032787
722	1.0
723	0.980327868852459
724	0.9934426229508196
725	0.9934426229508196
726	0.9934426229508196
727	0.9934426229508196
728	0.9934426229508196
729	0.9836065573770492
730	1.0
731	0.9967213114754099
732	0.9901639344262295
733	0.9934426229508196
734	0.9934426229508196
735	0.9934426229508196
736	0.9967213114754099
737	0.9901639344262295
738	0.9934426229508196
739	0.9901639344262295
740	0.9901639344262295
741	0.9934426229508196
742	0.9868852459016394
743	0.980327868852459
744	0.9868852459016394
745	0.9934426229508196
746	0.9967213114754099
747	1.0
748	0.9901639344262295
749	0.9868852459016394
750	0.9868852459016394
751	0.9901639344262295
752	0.9901639344262295
753	0.9934426229508196
754	0.980327868852459
755	0.9901639344262295
756	0.9836065573770492
757	0.9901639344262295
758	0.9934426229508196
759	0.9868852459016394
760	0.9901639344262295
761	1.0
762	0.9934426229508196
763	0.9868852459016394
764	0.980327868852459
765	0.980327868852459
766	0.9934426229508196
767	0.9967213114754099
768	0.9967213114754099
769	0.9934426229508196
770	0.9868852459016394
771	0.9770491803278688
772	0.9901639344262295
773	0.9967213114754099
774	0.9967213114754099
775	0.9967213114754099
776	0.980327868852459
777	0.9868852459016394
778	0.9934426229508196
779	0.9868852459016394
780	0.9868852459016394
781	0.9901639344262295
782	0.9934426229508196
783	0.9901639344262295
784	0.9737704918032787
785	0.9967213114754099
786	0.9934426229508196
787	0.9901639344262295
788	0.9901639344262295
789	0.9901639344262295
790	0.9934426229508196
791	0.9934426229508196
792	0.9868852459016394
793	0.9836065573770492
794	0.9901639344262295
795	0.9901639344262295
796	0.9836065573770492
797	1.0
798	0.9836065573770492
799	0.9934426229508196
800	0.9967213114754099
801	0.9967213114754099
802	0.9934426229508196
803	0.9967213114754099
804	0.980327868852459
805	0.9901639344262295
806	0.9967213114754099
807	0.9836065573770492
808	0.9901639344262295
809	0.9934426229508196
810	0.9934426229508196
811	0.9901639344262295
812	1.0
813	0.9901639344262295
814	0.9967213114754099
815	0.9868852459016394
816	0.9868852459016394
817	0.9770491803278688
818	0.9901639344262295
819	0.9934426229508196
820	0.9868852459016394
821	0.9934426229508196
822	0.9901639344262295
823	0.9901639344262295
824	0.9934426229508196
825	0.9967213114754099
826	0.9934426229508196
827	0.9901639344262295
828	1.0
829	1.0
830	1.0
831	0.9967213114754099
832	0.9967213114754099
833	0.9868852459016394
834	0.9901639344262295
835	1.0
836	0.9934426229508196
837	0.9934426229508196
838	1.0
839	0.9901639344262295
840	0.9967213114754099
841	1.0
842	0.9901639344262295
843	0.9967213114754099
844	0.9901639344262295
845	0.9901639344262295
846	0.9967213114754099
847	0.9967213114754099
848	0.9868852459016394
849	0.9934426229508196
850	0.9967213114754099
851	0.9868852459016394
852	0.9901639344262295
853	0.9934426229508196
854	0.9967213114754099
855	0.9967213114754099
856	0.9967213114754099
857	1.0
858	0.9967213114754099
859	0.9901639344262295
860	1.0
861	0.9967213114754099
862	0.9901639344262295
863	0.9901639344262295
864	0.9967213114754099
865	0.9934426229508196
866	0.9967213114754099
867	0.9901639344262295
868	0.9934426229508196
869	0.9934426229508196
870	0.9967213114754099
871	0.9967213114754099
872	0.9934426229508196
873	0.9901639344262295
874	1.0
875	0.9967213114754099
876	0.9901639344262295
877	0.9967213114754099
878	0.9967213114754099
879	1.0
880	0.9934426229508196
881	1.0
882	0.9967213114754099
883	1.0
884	0.9967213114754099
885	1.0
886	1.0
887	0.9934426229508196
888	0.9901639344262295
889	0.9868852459016394
890	0.9836065573770492
891	0.980327868852459
892	0.9868852459016394
893	0.9934426229508196
894	0.9901639344262295
895	0.9967213114754099
896	0.9934426229508196
897	0.9901639344262295
898	0.9967213114754099
899	0.9967213114754099
900	0.9934426229508196
901	0.9901639344262295
902	0.9901639344262295
903	0.9836065573770492
904	0.9967213114754099
905	0.9868852459016394
906	0.9868852459016394
907	0.9901639344262295
908	0.9901639344262295
909	0.9934426229508196
910	0.9934426229508196
911	0.9934426229508196
912	0.9934426229508196
913	0.9967213114754099
914	0.9934426229508196
915	0.9934426229508196
916	1.0
917	1.0
918	0.9967213114754099
919	0.9967213114754099
920	0.9934426229508196
921	0.9967213114754099
922	0.9934426229508196
923	0.9901639344262295
924	0.9934426229508196
925	0.9934426229508196
926	0.9967213114754099
927	0.9967213114754099
928	0.9901639344262295
929	1.0
930	1.0
931	1.0
932	1.0
933	0.9967213114754099
934	0.9967213114754099
935	0.9934426229508196
936	0.9967213114754099
937	1.0
938	1.0
939	0.9967213114754099
940	1.0
941	0.9967213114754099
942	1.0
943	0.9967213114754099
944	0.9934426229508196
945	1.0
946	0.9967213114754099
947	1.0
948	0.9934426229508196
949	1.0
950	0.9967213114754099
951	1.0
952	0.9967213114754099
953	1.0
954	0.9967213114754099
955	1.0
956	1.0
957	0.9967213114754099
958	1.0
959	0.9967213114754099
960	0.9967213114754099
961	0.9967213114754099
962	0.9967213114754099
963	1.0
964	0.9967213114754099
965	0.9967213114754099
966	0.9967213114754099
967	0.9967213114754099
968	0.9967213114754099
969	0.9934426229508196
970	0.9967213114754099
971	0.9868852459016394
972	0.9901639344262295
973	0.9901639344262295
974	1.0
975	0.9901639344262295
976	0.9967213114754099
977	0.9967213114754099
978	1.0
979	1.0
980	1.0
981	1.0
982	1.0
983	0.9967213114754099
984	0.9967213114754099
985	0.9967213114754099
986	0.9967213114754099
987	1.0
988	0.9967213114754099
989	0.9967213114754099
990	0.9967213114754099
991	1.0
992	0.9934426229508196
993	1.0
994	1.0
995	1.0
996	0.9934426229508196
997	0.9901639344262295
998	0.9901639344262295
999	0.9934426229508196
1000	0.9967213114754099
