1	0.05844155844155844
2	0.11688311688311688
3	0.2532467532467532
4	0.2987012987012987
5	0.42857142857142855
6	0.461038961038961
7	0.4805194805194805
8	0.4805194805194805
9	0.5064935064935064
10	0.525974025974026
11	0.6168831168831169
12	0.577922077922078
13	0.6038961038961039
14	0.6233766233766234
15	0.6103896103896104
16	0.6168831168831169
17	0.6428571428571429
18	0.6233766233766234
19	0.6233766233766234
20	0.6818181818181818
21	0.6493506493506493
22	0.5909090909090909
23	0.6168831168831169
24	0.5974025974025974
25	0.6558441558441559
26	0.6558441558441559
27	0.5974025974025974
28	0.6103896103896104
29	0.7272727272727273
30	0.6753246753246753
31	0.6948051948051948
32	0.7077922077922078
33	0.6688311688311688
34	0.7077922077922078
35	0.6818181818181818
36	0.7012987012987013
37	0.7207792207792207
38	0.7142857142857143
39	0.7532467532467533
40	0.7987012987012987
41	0.7922077922077922
42	0.7532467532467533
43	0.7597402597402597
44	0.7727272727272727
45	0.8311688311688312
46	0.7922077922077922
47	0.7142857142857143
48	0.7402597402597403
49	0.7662337662337663
50	0.7922077922077922
51	0.7727272727272727
52	0.7727272727272727
53	0.7532467532467533
54	0.7272727272727273
55	0.8311688311688312
56	0.8311688311688312
57	0.8441558441558441
58	0.8376623376623377
59	0.8506493506493507
60	0.8506493506493507
61	0.8831168831168831
62	0.8506493506493507
63	0.8896103896103896
64	0.8701298701298701
65	0.8311688311688312
66	0.8311688311688312
67	0.8116883116883117
68	0.8701298701298701
69	0.8636363636363636
70	0.8766233766233766
71	0.8766233766233766
72	0.8571428571428571
73	0.8181818181818182
74	0.8636363636363636
75	0.8506493506493507
76	0.8506493506493507
77	0.8571428571428571
78	0.9025974025974026
79	0.9155844155844156
80	0.9025974025974026
81	0.8896103896103896
82	0.8831168831168831
83	0.8896103896103896
84	0.8441558441558441
85	0.9090909090909091
86	0.9025974025974026
87	0.922077922077922
88	0.9155844155844156
89	0.8896103896103896
90	0.935064935064935
91	0.9090909090909091
92	0.8766233766233766
93	0.8701298701298701
94	0.922077922077922
95	0.9155844155844156
96	0.922077922077922
97	0.8766233766233766
98	0.8766233766233766
99	0.8766233766233766
100	0.8896103896103896
101	0.9025974025974026
102	0.9090909090909091
103	0.8896103896103896
104	0.9155844155844156
105	0.948051948051948
106	0.922077922077922
107	0.9025974025974026
108	0.9285714285714286
109	0.922077922077922
110	0.922077922077922
111	0.9155844155844156
112	0.9155844155844156
113	0.9545454545454546
114	0.9415584415584416
115	0.9545454545454546
116	0.9545454545454546
117	0.935064935064935
118	0.9415584415584416
119	0.922077922077922
120	0.9415584415584416
121	0.9285714285714286
122	0.9415584415584416
123	0.948051948051948
124	0.961038961038961
125	0.961038961038961
126	0.974025974025974
127	0.9805194805194806
128	0.9805194805194806
129	0.9805194805194806
130	0.9675324675324676
131	0.961038961038961
132	0.9545454545454546
133	0.961038961038961
134	0.9415584415584416
135	0.961038961038961
136	0.948051948051948
137	0.9545454545454546
138	0.9415584415584416
139	0.9675324675324676
140	0.974025974025974
141	0.974025974025974
142	0.935064935064935
143	0.935064935064935
144	0.935064935064935
145	0.974025974025974
146	0.9805194805194806
147	0.974025974025974
148	0.987012987012987
149	0.9675324675324676
150	0.9805194805194806
151	0.9675324675324676
152	0.974025974025974
153	0.9805194805194806
154	0.974025974025974
155	0.9805194805194806
156	0.974025974025974
157	0.961038961038961
158	0.9805194805194806
159	0.9805194805194806
160	0.9545454545454546
161	0.9415584415584416
162	0.935064935064935
163	0.9805194805194806
164	0.9675324675324676
165	0.987012987012987
166	0.987012987012987
167	0.961038961038961
168	0.974025974025974
169	0.9935064935064936
170	0.9805194805194806
171	0.9675324675324676
172	0.987012987012987
173	0.987012987012987
174	0.9675324675324676
175	0.961038961038961
176	0.9415584415584416
177	0.948051948051948
178	0.948051948051948
179	0.9675324675324676
180	0.9805194805194806
181	0.974025974025974
182	0.9805194805194806
183	0.974025974025974
184	0.961038961038961
185	0.9675324675324676
186	0.9805194805194806
187	0.9675324675324676
188	0.9805194805194806
189	0.9805194805194806
190	0.974025974025974
191	0.9805194805194806
192	0.987012987012987
193	0.987012987012987
194	0.961038961038961
195	0.961038961038961
196	0.987012987012987
197	0.9805194805194806
198	0.9935064935064936
199	0.9935064935064936
200	0.9935064935064936
201	0.9805194805194806
202	1.0
203	0.987012987012987
204	0.974025974025974
205	0.974025974025974
206	0.9935064935064936
207	1.0
208	0.987012987012987
209	0.987012987012987
210	0.9805194805194806
211	1.0
212	0.9935064935064936
213	0.9935064935064936
214	1.0
215	0.9935064935064936
216	0.9805194805194806
217	0.9805194805194806
218	0.974025974025974
219	0.9675324675324676
220	0.9805194805194806
221	1.0
222	0.9935064935064936
223	1.0
224	0.987012987012987
225	0.9805194805194806
226	0.987012987012987
227	0.9935064935064936
228	0.9935064935064936
229	1.0
230	0.9935064935064936
231	0.987012987012987
232	0.9935064935064936
233	0.9935064935064936
234	0.9935064935064936
235	1.0
236	0.9805194805194806
237	0.974025974025974
238	0.9935064935064936
239	0.9805194805194806
240	0.961038961038961
241	0.9675324675324676
242	0.9805194805194806
243	0.987012987012987
244	0.987012987012987
245	0.9805194805194806
246	0.974025974025974
247	0.9805194805194806
248	0.987012987012987
249	0.9805194805194806
250	0.9805194805194806
251	0.9805194805194806
252	0.9935064935064936
253	0.9935064935064936
254	0.9935064935064936
255	0.9935064935064936
256	0.987012987012987
257	0.9805194805194806
258	0.9805194805194806
259	1.0
260	0.9935064935064936
261	0.9805194805194806
262	0.9805194805194806
263	0.9935064935064936
264	0.9935064935064936
265	0.9935064935064936
266	0.974025974025974
267	0.974025974025974
268	0.9675324675324676
269	0.974025974025974
270	0.987012987012987
271	0.9935064935064936
272	0.9935064935064936
273	0.9935064935064936
274	0.9935064935064936
275	1.0
276	0.9935064935064936
277	1.0
278	0.9805194805194806
279	0.9935064935064936
280	1.0
281	0.9935064935064936
282	0.9935064935064936
283	0.987012987012987
284	0.987012987012987
285	0.987012987012987
286	0.9935064935064936
287	0.987012987012987
288	0.987012987012987
289	0.987012987012987
290	0.987012987012987
291	0.987012987012987
292	0.9935064935064936
293	1.0
294	1.0
295	1.0
296	1.0
297	0.987012987012987
298	0.974025974025974
299	0.987012987012987
300	0.9805194805194806
301	0.987012987012987
302	0.987012987012987
303	1.0
304	1.0
305	0.9935064935064936
306	0.987012987012987
307	1.0
308	0.9935064935064936
309	1.0
310	1.0
311	1.0
312	1.0
313	0.9935064935064936
314	0.987012987012987
315	1.0
316	0.9935064935064936
317	0.9935064935064936
318	1.0
319	1.0
320	1.0
321	0.9935064935064936
322	0.987012987012987
323	0.9935064935064936
324	1.0
325	1.0
326	0.9935064935064936
327	0.987012987012987
328	0.987012987012987
329	0.9935064935064936
330	0.9935064935064936
331	0.9935064935064936
332	0.9935064935064936
333	1.0
334	1.0
335	0.9935064935064936
336	0.9935064935064936
337	0.9935064935064936
338	1.0
339	1.0
340	1.0
341	1.0
342	1.0
343	1.0
344	1.0
345	0.9935064935064936
346	1.0
347	1.0
348	0.9935064935064936
349	1.0
350	1.0
351	1.0
352	0.9935064935064936
353	1.0
354	1.0
355	1.0
356	1.0
357	1.0
358	1.0
359	0.987012987012987
360	0.9805194805194806
361	0.9935064935064936
362	0.9935064935064936
363	0.9935064935064936
364	1.0
365	1.0
366	1.0
367	1.0
368	1.0
369	0.9935064935064936
370	0.9935064935064936
371	1.0
372	0.9935064935064936
373	0.9935064935064936
374	0.9935064935064936
375	0.9805194805194806
376	0.9935064935064936
377	1.0
378	1.0
379	1.0
380	1.0
381	1.0
382	1.0
383	0.9935064935064936
384	1.0
385	1.0
386	0.9935064935064936
387	0.9935064935064936
388	0.9935064935064936
389	1.0
390	1.0
391	1.0
392	1.0
393	1.0
394	1.0
395	0.9935064935064936
396	1.0
397	0.9935064935064936
398	0.9935064935064936
399	0.9935064935064936
400	1.0
401	0.9935064935064936
402	1.0
403	1.0
404	0.9935064935064936
405	0.9935064935064936
406	0.987012987012987
407	0.987012987012987
408	0.987012987012987
409	0.987012987012987
410	0.9935064935064936
411	1.0
412	1.0
413	1.0
414	0.9935064935064936
415	0.9935064935064936
416	0.987012987012987
417	0.987012987012987
418	0.9935064935064936
419	1.0
420	1.0
421	1.0
422	1.0
423	1.0
424	0.9935064935064936
425	1.0
426	0.9935064935064936
427	0.9935064935064936
428	1.0
429	1.0
430	0.9935064935064936
431	1.0
432	1.0
433	1.0
434	1.0
435	1.0
436	1.0
437	1.0
438	1.0
439	0.987012987012987
440	1.0
441	0.9935064935064936
442	1.0
443	1.0
444	0.9935064935064936
445	0.987012987012987
446	0.9935064935064936
447	0.9935064935064936
448	1.0
449	1.0
450	1.0
451	0.9935064935064936
452	0.9935064935064936
453	1.0
454	1.0
455	1.0
456	0.9935064935064936
457	1.0
458	1.0
459	0.9935064935064936
460	0.9935064935064936
461	0.9935064935064936
462	0.9935064935064936
463	0.9935064935064936
464	1.0
465	0.9935064935064936
466	0.9935064935064936
467	0.987012987012987
468	1.0
469	0.9935064935064936
470	0.9935064935064936
471	1.0
472	1.0
473	1.0
474	0.9805194805194806
475	0.9935064935064936
476	1.0
477	0.9935064935064936
478	0.987012987012987
479	0.9935064935064936
480	0.9935064935064936
481	1.0
482	1.0
483	1.0
484	1.0
485	0.9935064935064936
486	0.987012987012987
487	1.0
488	0.9935064935064936
489	0.9935064935064936
490	0.9935064935064936
491	0.9935064935064936
492	0.9805194805194806
493	0.9935064935064936
494	1.0
495	0.9935064935064936
496	1.0
497	1.0
498	1.0
499	1.0
500	1.0
501	1.0
502	1.0
503	0.9935064935064936
504	0.9935064935064936
505	0.9935064935064936
506	1.0
507	1.0
508	1.0
509	0.9935064935064936
510	0.987012987012987
511	0.9935064935064936
512	0.9935064935064936
513	0.9935064935064936
514	0.9805194805194806
515	0.9805194805194806
516	0.987012987012987
517	0.987012987012987
518	0.987012987012987
519	0.9935064935064936
520	1.0
521	1.0
522	1.0
523	1.0
524	0.987012987012987
525	0.9935064935064936
526	0.987012987012987
527	0.9935064935064936
528	0.9935064935064936
529	0.9935064935064936
530	0.9935064935064936
531	0.987012987012987
532	0.9935064935064936
533	0.9935064935064936
534	0.987012987012987
535	1.0
536	1.0
537	1.0
538	0.987012987012987
539	0.987012987012987
540	1.0
541	1.0
542	1.0
543	1.0
544	1.0
545	0.9935064935064936
546	1.0
547	1.0
548	1.0
549	1.0
550	1.0
551	0.9935064935064936
552	0.9935064935064936
553	0.9935064935064936
554	0.9935064935064936
555	1.0
556	1.0
557	0.987012987012987
558	0.9935064935064936
559	1.0
560	1.0
561	0.9935064935064936
562	0.9805194805194806
563	0.9805194805194806
564	0.987012987012987
565	0.9935064935064936
566	0.9935064935064936
567	0.987012987012987
568	1.0
569	1.0
570	0.9935064935064936
571	0.9935064935064936
572	0.9935064935064936
573	0.987012987012987
574	1.0
575	1.0
576	1.0
577	1.0
578	0.9935064935064936
579	1.0
580	0.9935064935064936
581	1.0
582	0.9935064935064936
583	0.987012987012987
584	0.987012987012987
585	0.9935064935064936
586	1.0
587	1.0
588	0.9935064935064936
589	0.9935064935064936
590	1.0
591	1.0
592	1.0
593	0.9935064935064936
594	0.9935064935064936
595	1.0
596	0.9935064935064936
597	0.987012987012987
598	0.987012987012987
599	0.9935064935064936
600	1.0
601	1.0
602	0.9935064935064936
603	1.0
604	1.0
605	0.9935064935064936
606	0.9935064935064936
607	0.9935064935064936
608	1.0
609	1.0
610	1.0
611	1.0
612	1.0
613	1.0
614	0.9935064935064936
615	0.9935064935064936
616	1.0
617	1.0
618	1.0
619	1.0
620	1.0
621	1.0
622	1.0
623	1.0
624	1.0
625	1.0
626	1.0
627	1.0
628	1.0
629	1.0
630	1.0
631	1.0
632	0.987012987012987
633	0.987012987012987
634	0.9935064935064936
635	1.0
636	0.9935064935064936
637	0.987012987012987
638	0.9805194805194806
639	0.987012987012987
640	0.9935064935064936
641	0.9935064935064936
642	0.9935064935064936
643	0.9935064935064936
644	1.0
645	0.9935064935064936
646	0.9935064935064936
647	0.9935064935064936
648	0.9935064935064936
649	1.0
650	0.9935064935064936
651	0.9935064935064936
652	0.9935064935064936
653	1.0
654	1.0
655	1.0
656	1.0
657	1.0
658	1.0
659	1.0
660	1.0
661	1.0
662	1.0
663	1.0
664	1.0
665	1.0
666	1.0
667	1.0
668	1.0
669	1.0
670	1.0
671	1.0
672	1.0
673	1.0
674	1.0
675	1.0
676	1.0
677	0.9935064935064936
678	0.9935064935064936
679	0.9935064935064936
680	0.9935064935064936
681	1.0
682	1.0
683	1.0
684	1.0
685	1.0
686	1.0
687	1.0
688	1.0
689	1.0
690	0.9935064935064936
691	1.0
692	1.0
693	1.0
694	0.9935064935064936
695	0.9935064935064936
696	1.0
697	1.0
698	1.0
699	0.9935064935064936
700	1.0
701	1.0
702	1.0
703	1.0
704	1.0
705	1.0
706	1.0
707	1.0
708	1.0
709	0.9935064935064936
710	0.9935064935064936
711	0.9935064935064936
712	1.0
713	1.0
714	1.0
715	1.0
716	1.0
717	1.0
718	1.0
719	1.0
720	1.0
721	1.0
722	1.0
723	1.0
724	1.0
725	1.0
726	1.0
727	1.0
728	1.0
729	0.9935064935064936
730	0.9935064935064936
731	0.9935064935064936
732	0.9935064935064936
733	1.0
734	1.0
735	1.0
736	1.0
737	1.0
738	0.9935064935064936
739	0.9935064935064936
740	1.0
741	1.0
742	1.0
743	1.0
744	0.9935064935064936
745	0.9935064935064936
746	0.9935064935064936
747	1.0
748	1.0
749	1.0
750	0.9935064935064936
751	1.0
752	1.0
753	1.0
754	0.9935064935064936
755	1.0
756	1.0
757	1.0
758	1.0
759	1.0
760	0.9935064935064936
761	1.0
762	0.9935064935064936
763	1.0
764	1.0
765	1.0
766	1.0
767	1.0
768	1.0
769	1.0
770	0.9935064935064936
771	0.9935064935064936
772	1.0
773	1.0
774	1.0
775	1.0
776	1.0
777	1.0
778	1.0
779	1.0
780	1.0
781	1.0
782	1.0
783	1.0
784	1.0
785	1.0
786	1.0
787	1.0
788	1.0
789	1.0
790	1.0
791	1.0
792	1.0
793	1.0
794	1.0
795	1.0
796	1.0
797	1.0
798	1.0
799	0.9935064935064936
800	1.0
801	1.0
802	1.0
803	1.0
804	1.0
805	1.0
806	1.0
807	1.0
808	1.0
809	1.0
810	1.0
811	1.0
812	1.0
813	1.0
814	1.0
815	1.0
816	1.0
817	1.0
818	1.0
819	1.0
820	1.0
821	1.0
822	1.0
823	1.0
824	1.0
825	0.9935064935064936
826	0.9935064935064936
827	1.0
828	1.0
829	1.0
830	1.0
831	1.0
832	1.0
833	0.9935064935064936
834	0.9935064935064936
835	1.0
836	1.0
837	1.0
838	1.0
839	1.0
840	1.0
841	1.0
842	1.0
843	0.9935064935064936
844	1.0
845	1.0
846	1.0
847	1.0
848	1.0
849	0.9935064935064936
850	1.0
851	1.0
852	1.0
853	1.0
854	1.0
855	1.0
856	1.0
857	1.0
858	1.0
859	1.0
860	1.0
861	1.0
862	1.0
863	1.0
864	1.0
865	1.0
866	1.0
867	1.0
868	1.0
869	1.0
870	1.0
871	1.0
872	1.0
873	1.0
874	1.0
875	1.0
876	1.0
877	1.0
878	1.0
879	0.9935064935064936
880	0.9935064935064936
881	0.9935064935064936
882	0.9935064935064936
883	1.0
884	0.9935064935064936
885	1.0
886	1.0
887	1.0
888	1.0
889	1.0
890	1.0
891	1.0
892	1.0
893	1.0
894	1.0
895	1.0
896	1.0
897	1.0
898	1.0
899	1.0
900	1.0
901	1.0
902	1.0
903	1.0
904	1.0
905	1.0
906	1.0
907	1.0
908	1.0
909	0.9935064935064936
910	1.0
911	1.0
912	1.0
913	1.0
914	1.0
915	1.0
916	1.0
917	1.0
918	1.0
919	1.0
920	1.0
921	1.0
922	1.0
923	1.0
924	1.0
925	1.0
926	1.0
927	1.0
928	1.0
929	1.0
930	1.0
931	1.0
932	1.0
933	1.0
934	0.9935064935064936
935	1.0
936	1.0
937	1.0
938	1.0
939	1.0
940	1.0
941	1.0
942	1.0
943	1.0
944	1.0
945	1.0
946	1.0
947	1.0
948	1.0
949	1.0
950	1.0
951	1.0
952	1.0
953	1.0
954	1.0
955	1.0
956	1.0
957	1.0
958	1.0
959	1.0
960	1.0
961	1.0
962	1.0
963	1.0
964	1.0
965	1.0
966	1.0
967	1.0
968	1.0
969	1.0
970	1.0
971	1.0
972	1.0
973	1.0
974	1.0
975	1.0
976	1.0
977	1.0
978	1.0
979	1.0
980	1.0
981	1.0
982	1.0
983	1.0
984	1.0
985	1.0
986	1.0
987	1.0
988	1.0
989	1.0
990	1.0
991	1.0
992	1.0
993	1.0
994	1.0
995	1.0
996	1.0
997	1.0
998	1.0
999	1.0
1000	1.0
