1	0.049342105263157895
2	0.05921052631578947
3	0.07236842105263158
4	0.07236842105263158
5	0.08223684210526316
6	0.09539473684210527
7	0.12171052631578948
8	0.16776315789473684
9	0.1611842105263158
10	0.22697368421052633
11	0.2565789473684211
12	0.3519736842105263
13	0.33223684210526316
14	0.375
15	0.34539473684210525
16	0.3881578947368421
17	0.3519736842105263
18	0.3190789473684211
19	0.34210526315789475
20	0.3717105263157895
21	0.4243421052631579
22	0.4506578947368421
23	0.45394736842105265
24	0.4407894736842105
25	0.4342105263157895
26	0.4440789473684211
27	0.46710526315789475
28	0.4934210526315789
29	0.5032894736842105
30	0.5296052631578947
31	0.555921052631579
32	0.5328947368421053
33	0.555921052631579
34	0.5361842105263158
35	0.569078947368421
36	0.5986842105263158
37	0.6085526315789473
38	0.5493421052631579
39	0.5822368421052632
40	0.5789473684210527
41	0.5822368421052632
42	0.6217105263157895
43	0.631578947368421
44	0.6546052631578947
45	0.6710526315789473
46	0.6907894736842105
47	0.6513157894736842
48	0.6743421052631579
49	0.680921052631579
50	0.6578947368421053
51	0.6842105263157895
52	0.7006578947368421
53	0.694078947368421
54	0.7072368421052632
55	0.7368421052631579
56	0.7467105263157895
57	0.7467105263157895
58	0.7993421052631579
59	0.7796052631578947
60	0.7697368421052632
61	0.7828947368421053
62	0.7927631578947368
63	0.756578947368421
64	0.7598684210526315
65	0.7927631578947368
66	0.8026315789473685
67	0.805921052631579
68	0.8355263157894737
69	0.8125
70	0.8157894736842105
71	0.8256578947368421
72	0.8453947368421053
73	0.8552631578947368
74	0.8519736842105263
75	0.8125
76	0.8256578947368421
77	0.8322368421052632
78	0.8585526315789473
79	0.8618421052631579
80	0.8881578947368421
81	0.8914473684210527
82	0.9144736842105263
83	0.9144736842105263
84	0.930921052631579
85	0.9342105263157895
86	0.9506578947368421
87	0.9342105263157895
88	0.9210526315789473
89	0.9375
90	0.9473684210526315
91	0.9407894736842105
92	0.9342105263157895
93	0.9407894736842105
94	0.9342105263157895
95	0.930921052631579
96	0.930921052631579
97	0.9144736842105263
98	0.9144736842105263
99	0.9407894736842105
100	0.9407894736842105
101	0.9276315789473685
102	0.9078947368421053
103	0.930921052631579
104	0.9375
105	0.9210526315789473
106	0.9375
107	0.9407894736842105
108	0.9407894736842105
109	0.9473684210526315
110	0.9506578947368421
111	0.9375
112	0.9638157894736842
113	0.9671052631578947
114	0.9605263157894737
115	0.9671052631578947
116	0.9572368421052632
117	0.9671052631578947
118	0.9473684210526315
119	0.9473684210526315
120	0.930921052631579
121	0.9539473684210527
122	0.9605263157894737
123	0.944078947368421
124	0.9407894736842105
125	0.9375
126	0.9375
127	0.9144736842105263
128	0.9473684210526315
129	0.9671052631578947
130	0.9407894736842105
131	0.9375
132	0.9572368421052632
133	0.9506578947368421
134	0.9605263157894737
135	0.9671052631578947
136	0.9407894736842105
137	0.9572368421052632
138	0.930921052631579
139	0.9243421052631579
140	0.9407894736842105
141	0.9539473684210527
142	0.9506578947368421
143	0.9671052631578947
144	0.9539473684210527
145	0.9473684210526315
146	0.9703947368421053
147	0.9671052631578947
148	0.9671052631578947
149	0.9407894736842105
150	0.9342105263157895
151	0.9407894736842105
152	0.9375
153	0.9342105263157895
154	0.9375
155	0.944078947368421
156	0.9539473684210527
157	0.930921052631579
158	0.944078947368421
159	0.9605263157894737
160	0.9605263157894737
161	0.9638157894736842
162	0.9605263157894737
163	0.9703947368421053
164	0.9703947368421053
165	0.9703947368421053
166	0.9703947368421053
167	0.9671052631578947
168	0.9473684210526315
169	0.9473684210526315
170	0.944078947368421
171	0.9473684210526315
172	0.9506578947368421
173	0.9539473684210527
174	0.9506578947368421
175	0.9572368421052632
176	0.9605263157894737
177	0.9539473684210527
178	0.9473684210526315
179	0.9572368421052632
180	0.9605263157894737
181	0.9769736842105263
182	0.9638157894736842
183	0.9539473684210527
184	0.9506578947368421
185	0.9539473684210527
186	0.9605263157894737
187	0.9769736842105263
188	0.9703947368421053
189	0.9769736842105263
190	0.9638157894736842
191	0.9835526315789473
192	0.9638157894736842
193	0.9671052631578947
194	0.9736842105263158
195	0.9671052631578947
196	0.9802631578947368
197	0.9703947368421053
198	0.9539473684210527
199	0.9605263157894737
200	0.9539473684210527
201	0.9572368421052632
202	0.9802631578947368
203	0.9703947368421053
204	0.9769736842105263
205	0.9736842105263158
206	0.9835526315789473
207	0.993421052631579
208	0.993421052631579
209	0.9901315789473685
210	0.9769736842105263
211	0.9736842105263158
212	0.9835526315789473
213	0.9901315789473685
214	0.993421052631579
215	0.9802631578947368
216	0.9703947368421053
217	0.9802631578947368
218	0.9868421052631579
219	0.9835526315789473
220	0.9835526315789473
221	0.9868421052631579
222	0.9802631578947368
223	0.9802631578947368
224	0.9835526315789473
225	0.9835526315789473
226	0.9802631578947368
227	0.9769736842105263
228	0.993421052631579
229	1.0
230	0.9901315789473685
231	0.993421052631579
232	1.0
233	0.9967105263157895
234	0.993421052631579
235	0.9868421052631579
236	0.9802631578947368
237	0.9967105263157895
238	0.9967105263157895
239	0.993421052631579
240	0.993421052631579
241	0.9967105263157895
242	0.9967105263157895
243	0.9967105263157895
244	0.9967105263157895
245	0.9967105263157895
246	0.9967105263157895
247	0.9967105263157895
248	0.9967105263157895
249	0.9967105263157895
250	0.9967105263157895
251	1.0
252	0.9901315789473685
253	0.993421052631579
254	0.9967105263157895
255	0.993421052631579
256	0.993421052631579
257	0.993421052631579
258	0.9901315789473685
259	1.0
260	1.0
261	0.9967105263157895
262	1.0
263	0.9967105263157895
264	1.0
265	1.0
266	1.0
267	0.9967105263157895
268	0.9967105263157895
269	0.993421052631579
270	0.9901315789473685
271	0.9967105263157895
272	1.0
273	1.0
274	1.0
275	0.9967105263157895
276	1.0
277	0.9967105263157895
278	0.9967105263157895
279	0.9967105263157895
280	1.0
281	1.0
282	1.0
283	1.0
284	1.0
285	0.9967105263157895
286	1.0
287	1.0
288	1.0
289	1.0
290	1.0
291	1.0
292	1.0
293	1.0
294	1.0
295	1.0
296	1.0
297	1.0
298	0.9967105263157895
299	0.9967105263157895
300	0.9967105263157895
301	0.9967105263157895
302	0.9967105263157895
303	0.9967105263157895
304	0.9967105263157895
305	1.0
306	0.9967105263157895
307	1.0
308	1.0
309	0.9967105263157895
310	1.0
311	1.0
312	1.0
313	1.0
314	1.0
315	1.0
316	1.0
317	1.0
318	1.0
319	1.0
320	1.0
321	1.0
322	1.0
323	1.0
324	1.0
325	1.0
326	1.0
327	1.0
328	1.0
329	1.0
330	1.0
331	1.0
332	1.0
333	1.0
334	1.0
335	1.0
336	1.0
337	1.0
338	1.0
339	1.0
340	1.0
341	1.0
342	1.0
343	1.0
344	0.993421052631579
345	0.9967105263157895
346	1.0
347	1.0
348	1.0
349	1.0
350	1.0
351	1.0
352	1.0
353	1.0
354	1.0
355	1.0
356	1.0
357	1.0
358	1.0
359	1.0
360	1.0
361	1.0
362	1.0
363	1.0
364	1.0
365	0.9967105263157895
366	1.0
367	1.0
368	1.0
369	1.0
370	1.0
371	1.0
372	1.0
373	1.0
374	1.0
375	1.0
376	1.0
377	1.0
378	1.0
379	1.0
380	1.0
381	1.0
382	1.0
383	1.0
384	1.0
385	1.0
386	1.0
387	1.0
388	1.0
389	1.0
390	1.0
391	1.0
392	1.0
393	1.0
394	1.0
395	1.0
396	1.0
397	1.0
398	1.0
399	1.0
400	1.0
401	1.0
402	1.0
403	1.0
404	1.0
405	1.0
406	0.9967105263157895
407	0.9967105263157895
408	0.9967105263157895
409	0.9967105263157895
410	1.0
411	1.0
412	1.0
413	1.0
414	1.0
415	1.0
416	1.0
417	1.0
418	1.0
419	1.0
420	1.0
421	1.0
422	1.0
423	1.0
424	1.0
425	1.0
426	1.0
427	1.0
428	1.0
429	1.0
430	1.0
431	0.9967105263157895
432	0.9967105263157895
433	1.0
434	1.0
435	1.0
436	1.0
437	1.0
438	1.0
439	1.0
440	1.0
441	1.0
442	1.0
443	1.0
444	1.0
445	1.0
446	1.0
447	1.0
448	1.0
449	1.0
450	1.0
451	1.0
452	1.0
453	1.0
454	1.0
455	1.0
456	1.0
457	1.0
458	1.0
459	1.0
460	1.0
461	1.0
462	1.0
463	1.0
464	1.0
465	1.0
466	1.0
467	1.0
468	1.0
469	1.0
470	1.0
471	1.0
472	1.0
473	1.0
474	1.0
475	1.0
476	1.0
477	1.0
478	1.0
479	1.0
480	1.0
481	1.0
482	1.0
483	1.0
484	1.0
485	1.0
486	1.0
487	1.0
488	1.0
489	1.0
490	1.0
491	1.0
492	1.0
493	1.0
494	1.0
495	1.0
496	1.0
497	1.0
498	1.0
499	1.0
500	1.0
501	1.0
502	1.0
503	1.0
504	1.0
505	0.9967105263157895
506	0.9967105263157895
507	0.9967105263157895
508	0.9967105263157895
509	1.0
510	1.0
511	1.0
512	1.0
513	1.0
514	1.0
515	1.0
516	1.0
517	0.9967105263157895
518	1.0
519	1.0
520	1.0
521	1.0
522	1.0
523	1.0
524	1.0
525	1.0
526	1.0
527	1.0
528	1.0
529	1.0
530	1.0
531	1.0
532	1.0
533	1.0
534	1.0
535	1.0
536	1.0
537	1.0
538	1.0
539	1.0
540	1.0
541	1.0
542	1.0
543	1.0
544	1.0
545	1.0
546	1.0
547	1.0
548	1.0
549	1.0
550	1.0
551	1.0
552	1.0
553	1.0
554	1.0
555	1.0
556	1.0
557	1.0
558	1.0
559	1.0
560	1.0
561	1.0
562	1.0
563	1.0
564	1.0
565	1.0
566	0.9967105263157895
567	1.0
568	1.0
569	1.0
570	1.0
571	1.0
572	0.9967105263157895
573	0.993421052631579
574	0.9967105263157895
575	1.0
576	0.9967105263157895
577	0.9967105263157895
578	1.0
579	1.0
580	1.0
581	1.0
582	1.0
583	1.0
584	1.0
585	1.0
586	1.0
587	1.0
588	1.0
589	1.0
590	1.0
591	1.0
592	1.0
593	1.0
594	1.0
595	1.0
596	1.0
597	1.0
598	1.0
599	1.0
600	1.0
601	1.0
602	1.0
603	1.0
604	1.0
605	1.0
606	0.9967105263157895
607	0.9967105263157895
608	1.0
609	1.0
610	1.0
611	1.0
612	1.0
613	1.0
614	1.0
615	1.0
616	1.0
617	1.0
618	1.0
619	1.0
620	1.0
621	1.0
622	1.0
623	1.0
624	1.0
625	1.0
626	1.0
627	1.0
628	1.0
629	1.0
630	1.0
631	1.0
632	1.0
633	1.0
634	1.0
635	1.0
636	1.0
637	1.0
638	1.0
639	1.0
640	1.0
641	1.0
642	1.0
643	1.0
644	1.0
645	1.0
646	1.0
647	1.0
648	1.0
649	1.0
650	1.0
651	1.0
652	1.0
653	1.0
654	1.0
655	1.0
656	1.0
657	1.0
658	1.0
659	1.0
660	1.0
661	1.0
662	1.0
663	1.0
664	1.0
665	1.0
666	1.0
667	1.0
668	1.0
669	1.0
670	1.0
671	1.0
672	1.0
673	1.0
674	1.0
675	1.0
676	1.0
677	1.0
678	1.0
679	1.0
680	1.0
681	1.0
682	1.0
683	1.0
684	1.0
685	1.0
686	1.0
687	1.0
688	1.0
689	1.0
690	1.0
691	1.0
692	1.0
693	1.0
694	1.0
695	1.0
696	1.0
697	1.0
698	1.0
699	1.0
700	1.0
701	1.0
702	1.0
703	1.0
704	1.0
705	1.0
706	1.0
707	1.0
708	1.0
709	1.0
710	1.0
711	1.0
712	1.0
713	1.0
714	1.0
715	1.0
716	1.0
717	1.0
718	1.0
719	1.0
720	0.9967105263157895
721	0.9967105263157895
722	1.0
723	1.0
724	1.0
725	1.0
726	1.0
727	1.0
728	1.0
729	1.0
730	1.0
731	1.0
732	1.0
733	1.0
734	1.0
735	0.9967105263157895
736	1.0
737	1.0
738	1.0
739	1.0
740	1.0
741	1.0
742	1.0
743	1.0
744	0.9967105263157895
745	0.9967105263157895
746	1.0
747	1.0
748	1.0
749	1.0
750	1.0
751	1.0
752	1.0
753	1.0
754	1.0
755	1.0
756	0.9967105263157895
757	1.0
758	1.0
759	1.0
760	1.0
761	1.0
762	1.0
763	1.0
764	1.0
765	1.0
766	1.0
767	1.0
768	1.0
769	1.0
770	1.0
771	1.0
772	1.0
773	1.0
774	1.0
775	1.0
776	1.0
777	1.0
778	1.0
779	1.0
780	1.0
781	1.0
782	1.0
783	1.0
784	1.0
785	1.0
786	1.0
787	1.0
788	1.0
789	1.0
790	1.0
791	1.0
792	1.0
793	1.0
794	1.0
795	1.0
796	1.0
797	1.0
798	1.0
799	1.0
800	1.0
801	1.0
802	1.0
803	1.0
804	1.0
805	1.0
806	1.0
807	1.0
808	1.0
809	1.0
810	1.0
811	1.0
812	1.0
813	1.0
814	1.0
815	1.0
816	1.0
817	1.0
818	1.0
819	1.0
820	1.0
821	1.0
822	1.0
823	1.0
824	1.0
825	1.0
826	1.0
827	0.9967105263157895
828	0.9967105263157895
829	1.0
830	1.0
831	1.0
832	1.0
833	1.0
834	1.0
835	1.0
836	1.0
837	1.0
838	1.0
839	1.0
840	1.0
841	1.0
842	1.0
843	1.0
844	1.0
845	1.0
846	1.0
847	1.0
848	1.0
849	1.0
850	1.0
851	1.0
852	1.0
853	1.0
854	1.0
855	1.0
856	1.0
857	1.0
858	1.0
859	1.0
860	1.0
861	1.0
862	1.0
863	1.0
864	1.0
865	1.0
866	1.0
867	1.0
868	1.0
869	1.0
870	1.0
871	1.0
872	1.0
873	1.0
874	1.0
875	1.0
876	1.0
877	1.0
878	1.0
879	1.0
880	1.0
881	1.0
882	1.0
883	1.0
884	1.0
885	1.0
886	1.0
887	1.0
888	1.0
889	1.0
890	1.0
891	1.0
892	1.0
893	1.0
894	1.0
895	1.0
896	1.0
897	1.0
898	1.0
899	1.0
900	1.0
901	1.0
902	1.0
903	1.0
904	0.9967105263157895
905	0.9967105263157895
906	1.0
907	1.0
908	1.0
909	1.0
910	1.0
911	1.0
912	1.0
913	1.0
914	1.0
915	1.0
916	1.0
917	1.0
918	1.0
919	1.0
920	0.9967105263157895
921	0.9967105263157895
922	1.0
923	1.0
924	1.0
925	1.0
926	1.0
927	1.0
928	1.0
929	1.0
930	1.0
931	1.0
932	1.0
933	1.0
934	1.0
935	0.9967105263157895
936	0.9967105263157895
937	0.9967105263157895
938	0.9967105263157895
939	1.0
940	1.0
941	1.0
942	1.0
943	1.0
944	1.0
945	1.0
946	0.9967105263157895
947	1.0
948	1.0
949	1.0
950	1.0
951	0.9967105263157895
952	1.0
953	1.0
954	1.0
955	1.0
956	1.0
957	1.0
958	1.0
959	1.0
960	1.0
961	1.0
962	1.0
963	1.0
964	1.0
965	1.0
966	1.0
967	1.0
968	1.0
969	1.0
970	1.0
971	1.0
972	0.9967105263157895
973	1.0
974	1.0
975	1.0
976	1.0
977	1.0
978	1.0
979	1.0
980	1.0
981	1.0
982	1.0
983	1.0
984	1.0
985	1.0
986	1.0
987	1.0
988	1.0
989	1.0
990	1.0
991	1.0
992	1.0
993	1.0
994	1.0
995	1.0
996	1.0
997	1.0
998	1.0
999	1.0
1000	0.9967105263157895
