1	0.032467532467532464
2	0.06493506493506493
3	0.08441558441558442
4	0.07792207792207792
5	0.09740259740259741
6	0.11038961038961038
7	0.12337662337662338
8	0.15584415584415584
9	0.14935064935064934
10	0.2597402597402597
11	0.2727272727272727
12	0.4025974025974026
13	0.4025974025974026
14	0.35714285714285715
15	0.33766233766233766
16	0.3181818181818182
17	0.3116883116883117
18	0.33116883116883117
19	0.35064935064935066
20	0.35064935064935066
21	0.3961038961038961
22	0.4090909090909091
23	0.4090909090909091
24	0.42207792207792205
25	0.44805194805194803
26	0.45454545454545453
27	0.474025974025974
28	0.43506493506493504
29	0.4805194805194805
30	0.461038961038961
31	0.5194805194805194
32	0.512987012987013
33	0.5194805194805194
34	0.5064935064935064
35	0.5844155844155844
36	0.577922077922078
37	0.5584415584415584
38	0.5974025974025974
39	0.5974025974025974
40	0.6233766233766234
41	0.6168831168831169
42	0.6298701298701299
43	0.5974025974025974
44	0.6038961038961039
45	0.6818181818181818
46	0.6558441558441559
47	0.6363636363636364
48	0.6558441558441559
49	0.6753246753246753
50	0.7012987012987013
51	0.7077922077922078
52	0.6818181818181818
53	0.6948051948051948
54	0.7142857142857143
55	0.7792207792207793
56	0.7662337662337663
57	0.8051948051948052
58	0.7987012987012987
59	0.7532467532467533
60	0.7857142857142857
61	0.7987012987012987
62	0.8246753246753247
63	0.7922077922077922
64	0.7402597402597403
65	0.7597402597402597
66	0.7662337662337663
67	0.8051948051948052
68	0.8116883116883117
69	0.8116883116883117
70	0.8116883116883117
71	0.8116883116883117
72	0.8051948051948052
73	0.8181818181818182
74	0.8116883116883117
75	0.8051948051948052
76	0.8051948051948052
77	0.8246753246753247
78	0.8116883116883117
79	0.8506493506493507
80	0.8571428571428571
81	0.8506493506493507
82	0.9090909090909091
83	0.8701298701298701
84	0.8766233766233766
85	0.8246753246753247
86	0.8701298701298701
87	0.8766233766233766
88	0.8766233766233766
89	0.8961038961038961
90	0.9025974025974026
91	0.9025974025974026
92	0.922077922077922
93	0.9025974025974026
94	0.8831168831168831
95	0.9155844155844156
96	0.8961038961038961
97	0.8506493506493507
98	0.8636363636363636
99	0.8441558441558441
100	0.9025974025974026
101	0.9090909090909091
102	0.9025974025974026
103	0.8896103896103896
104	0.8831168831168831
105	0.8506493506493507
106	0.8961038961038961
107	0.9090909090909091
108	0.9090909090909091
109	0.9155844155844156
110	0.9155844155844156
111	0.9155844155844156
112	0.8701298701298701
113	0.9155844155844156
114	0.9285714285714286
115	0.935064935064935
116	0.9545454545454546
117	0.974025974025974
118	0.961038961038961
119	0.9285714285714286
120	0.9285714285714286
121	0.9415584415584416
122	0.9155844155844156
123	0.935064935064935
124	0.9155844155844156
125	0.9415584415584416
126	0.961038961038961
127	0.9545454545454546
128	0.9545454545454546
129	0.961038961038961
130	0.9675324675324676
131	0.987012987012987
132	0.9805194805194806
133	0.9805194805194806
134	0.987012987012987
135	0.9545454545454546
136	0.922077922077922
137	0.922077922077922
138	0.9415584415584416
139	0.961038961038961
140	0.9415584415584416
141	0.9415584415584416
142	0.948051948051948
143	0.9545454545454546
144	0.9675324675324676
145	0.9805194805194806
146	0.9545454545454546
147	0.987012987012987
148	0.974025974025974
149	0.974025974025974
150	0.9805194805194806
151	0.974025974025974
152	0.9805194805194806
153	0.948051948051948
154	0.961038961038961
155	0.961038961038961
156	0.961038961038961
157	0.948051948051948
158	0.9545454545454546
159	0.948051948051948
160	0.9675324675324676
161	0.974025974025974
162	0.9545454545454546
163	0.9805194805194806
164	0.9805194805194806
165	0.9675324675324676
166	0.974025974025974
167	0.961038961038961
168	0.9675324675324676
169	0.961038961038961
170	0.987012987012987
171	0.9805194805194806
172	0.9805194805194806
173	1.0
174	0.9805194805194806
175	0.987012987012987
176	0.9675324675324676
177	0.9675324675324676
178	0.974025974025974
179	0.974025974025974
180	0.974025974025974
181	0.9935064935064936
182	0.974025974025974
183	0.9935064935064936
184	0.987012987012987
185	0.987012987012987
186	0.9935064935064936
187	0.9935064935064936
188	0.9935064935064936
189	0.974025974025974
190	0.974025974025974
191	1.0
192	0.987012987012987
193	1.0
194	0.9805194805194806
195	0.9805194805194806
196	0.974025974025974
197	0.974025974025974
198	0.987012987012987
199	1.0
200	0.974025974025974
201	0.9675324675324676
202	0.9805194805194806
203	0.987012987012987
204	0.9935064935064936
205	0.974025974025974
206	0.987012987012987
207	0.9935064935064936
208	1.0
209	1.0
210	0.987012987012987
211	1.0
212	0.974025974025974
213	0.987012987012987
214	0.987012987012987
215	0.9805194805194806
216	0.9675324675324676
217	0.9805194805194806
218	0.9935064935064936
219	0.987012987012987
220	0.9805194805194806
221	0.987012987012987
222	0.9935064935064936
223	0.9805194805194806
224	0.987012987012987
225	0.987012987012987
226	0.9935064935064936
227	0.987012987012987
228	0.987012987012987
229	0.974025974025974
230	0.9935064935064936
231	0.987012987012987
232	0.9805194805194806
233	0.9935064935064936
234	0.9935064935064936
235	0.9935064935064936
236	0.9805194805194806
237	0.987012987012987
238	0.9805194805194806
239	0.9935064935064936
240	0.9935064935064936
241	0.9935064935064936
242	1.0
243	0.9935064935064936
244	1.0
245	1.0
246	1.0
247	1.0
248	0.9935064935064936
249	0.9935064935064936
250	0.987012987012987
251	0.987012987012987
252	0.987012987012987
253	1.0
254	0.9935064935064936
255	0.987012987012987
256	1.0
257	0.9935064935064936
258	1.0
259	0.987012987012987
260	0.9805194805194806
261	0.9805194805194806
262	0.987012987012987
263	0.987012987012987
264	1.0
265	1.0
266	1.0
267	0.9935064935064936
268	0.987012987012987
269	0.987012987012987
270	0.987012987012987
271	0.987012987012987
272	0.9935064935064936
273	1.0
274	1.0
275	1.0
276	0.987012987012987
277	0.987012987012987
278	0.987012987012987
279	0.9935064935064936
280	1.0
281	0.9805194805194806
282	1.0
283	1.0
284	1.0
285	1.0
286	0.987012987012987
287	0.9805194805194806
288	0.987012987012987
289	1.0
290	0.9935064935064936
291	0.9805194805194806
292	1.0
293	0.9935064935064936
294	1.0
295	0.987012987012987
296	1.0
297	0.9805194805194806
298	0.987012987012987
299	0.987012987012987
300	0.987012987012987
301	1.0
302	1.0
303	0.9935064935064936
304	0.9935064935064936
305	0.9935064935064936
306	1.0
307	0.9935064935064936
308	0.987012987012987
309	0.9935064935064936
310	0.9935064935064936
311	0.9935064935064936
312	0.987012987012987
313	0.9935064935064936
314	0.987012987012987
315	0.9805194805194806
316	0.9805194805194806
317	0.987012987012987
318	0.9935064935064936
319	0.9935064935064936
320	0.987012987012987
321	0.9805194805194806
322	1.0
323	0.9935064935064936
324	0.987012987012987
325	0.987012987012987
326	0.9935064935064936
327	0.9935064935064936
328	0.987012987012987
329	0.9805194805194806
330	1.0
331	1.0
332	1.0
333	0.9935064935064936
334	1.0
335	0.9935064935064936
336	0.9935064935064936
337	0.9805194805194806
338	0.9935064935064936
339	1.0
340	1.0
341	1.0
342	1.0
343	0.9935064935064936
344	0.9935064935064936
345	1.0
346	0.9935064935064936
347	0.9935064935064936
348	1.0
349	0.9935064935064936
350	0.9935064935064936
351	0.987012987012987
352	0.987012987012987
353	0.9935064935064936
354	1.0
355	1.0
356	1.0
357	1.0
358	0.987012987012987
359	0.9935064935064936
360	0.987012987012987
361	0.9805194805194806
362	0.987012987012987
363	0.987012987012987
364	0.9935064935064936
365	0.987012987012987
366	0.9935064935064936
367	0.987012987012987
368	0.9805194805194806
369	0.9805194805194806
370	0.9935064935064936
371	0.9935064935064936
372	0.9935064935064936
373	1.0
374	0.987012987012987
375	0.9805194805194806
376	0.987012987012987
377	0.987012987012987
378	0.9935064935064936
379	0.987012987012987
380	0.987012987012987
381	1.0
382	1.0
383	0.9935064935064936
384	0.9935064935064936
385	0.9805194805194806
386	0.9935064935064936
387	0.987012987012987
388	0.9805194805194806
389	1.0
390	1.0
391	0.9935064935064936
392	0.9805194805194806
393	0.9805194805194806
394	1.0
395	1.0
396	0.9935064935064936
397	0.9935064935064936
398	0.987012987012987
399	0.9935064935064936
400	0.987012987012987
401	0.9935064935064936
402	0.9935064935064936
403	1.0
404	0.9935064935064936
405	0.9935064935064936
406	0.9935064935064936
407	0.987012987012987
408	1.0
409	1.0
410	0.9935064935064936
411	0.987012987012987
412	0.9935064935064936
413	1.0
414	0.9935064935064936
415	0.9935064935064936
416	1.0
417	1.0
418	0.987012987012987
419	0.987012987012987
420	1.0
421	1.0
422	1.0
423	1.0
424	0.9935064935064936
425	0.987012987012987
426	0.9935064935064936
427	1.0
428	1.0
429	0.987012987012987
430	0.9935064935064936
431	1.0
432	1.0
433	1.0
434	1.0
435	1.0
436	1.0
437	1.0
438	0.9805194805194806
439	0.974025974025974
440	0.987012987012987
441	1.0
442	0.9935064935064936
443	0.987012987012987
444	0.987012987012987
445	1.0
446	1.0
447	1.0
448	1.0
449	0.987012987012987
450	0.9935064935064936
451	1.0
452	0.9935064935064936
453	0.987012987012987
454	1.0
455	0.9935064935064936
456	0.987012987012987
457	1.0
458	1.0
459	1.0
460	1.0
461	1.0
462	1.0
463	1.0
464	1.0
465	0.9935064935064936
466	1.0
467	1.0
468	0.987012987012987
469	0.9935064935064936
470	0.9935064935064936
471	1.0
472	1.0
473	0.9935064935064936
474	0.9935064935064936
475	1.0
476	1.0
477	1.0
478	0.9935064935064936
479	0.987012987012987
480	0.9935064935064936
481	0.987012987012987
482	0.987012987012987
483	1.0
484	1.0
485	1.0
486	1.0
487	1.0
488	1.0
489	1.0
490	0.9935064935064936
491	0.9935064935064936
492	0.9805194805194806
493	0.987012987012987
494	0.9935064935064936
495	1.0
496	1.0
497	0.9935064935064936
498	1.0
499	1.0
500	1.0
501	1.0
502	1.0
503	1.0
504	1.0
505	1.0
506	1.0
507	1.0
508	1.0
509	1.0
510	1.0
511	1.0
512	1.0
513	1.0
514	1.0
515	1.0
516	0.9935064935064936
517	1.0
518	0.9935064935064936
519	0.987012987012987
520	0.9935064935064936
521	1.0
522	1.0
523	1.0
524	1.0
525	1.0
526	1.0
527	1.0
528	1.0
529	0.9935064935064936
530	1.0
531	1.0
532	1.0
533	1.0
534	0.987012987012987
535	0.9805194805194806
536	0.9935064935064936
537	1.0
538	1.0
539	0.987012987012987
540	0.987012987012987
541	0.9935064935064936
542	0.9935064935064936
543	1.0
544	1.0
545	1.0
546	1.0
547	1.0
548	1.0
549	1.0
550	1.0
551	1.0
552	1.0
553	1.0
554	1.0
555	1.0
556	1.0
557	1.0
558	1.0
559	1.0
560	1.0
561	1.0
562	1.0
563	1.0
564	1.0
565	1.0
566	1.0
567	1.0
568	1.0
569	1.0
570	1.0
571	0.9935064935064936
572	1.0
573	1.0
574	1.0
575	1.0
576	1.0
577	1.0
578	1.0
579	1.0
580	1.0
581	1.0
582	1.0
583	1.0
584	1.0
585	1.0
586	1.0
587	1.0
588	1.0
589	1.0
590	1.0
591	1.0
592	1.0
593	1.0
594	1.0
595	1.0
596	1.0
597	1.0
598	1.0
599	1.0
600	1.0
601	1.0
602	1.0
603	1.0
604	1.0
605	1.0
606	1.0
607	1.0
608	1.0
609	1.0
610	1.0
611	1.0
612	1.0
613	1.0
614	1.0
615	1.0
616	1.0
617	1.0
618	1.0
619	1.0
620	1.0
621	1.0
622	1.0
623	1.0
624	1.0
625	1.0
626	1.0
627	1.0
628	1.0
629	1.0
630	1.0
631	1.0
632	1.0
633	1.0
634	1.0
635	1.0
636	1.0
637	1.0
638	1.0
639	1.0
640	1.0
641	1.0
642	1.0
643	1.0
644	1.0
645	1.0
646	1.0
647	1.0
648	1.0
649	0.9935064935064936
650	1.0
651	1.0
652	1.0
653	1.0
654	1.0
655	0.9935064935064936
656	0.9935064935064936
657	0.9935064935064936
658	0.9935064935064936
659	0.9935064935064936
660	0.9935064935064936
661	0.9935064935064936
662	0.9935064935064936
663	0.9935064935064936
664	0.9935064935064936
665	0.9935064935064936
666	1.0
667	1.0
668	1.0
669	1.0
670	1.0
671	1.0
672	1.0
673	1.0
674	1.0
675	1.0
676	1.0
677	1.0
678	1.0
679	1.0
680	1.0
681	1.0
682	1.0
683	1.0
684	1.0
685	1.0
686	1.0
687	1.0
688	1.0
689	1.0
690	1.0
691	1.0
692	1.0
693	1.0
694	1.0
695	1.0
696	1.0
697	1.0
698	1.0
699	1.0
700	1.0
701	1.0
702	1.0
703	1.0
704	1.0
705	1.0
706	1.0
707	1.0
708	1.0
709	1.0
710	1.0
711	1.0
712	1.0
713	1.0
714	1.0
715	1.0
716	1.0
717	1.0
718	1.0
719	1.0
720	1.0
721	1.0
722	1.0
723	1.0
724	1.0
725	1.0
726	1.0
727	1.0
728	1.0
729	1.0
730	1.0
731	1.0
732	1.0
733	1.0
734	1.0
735	1.0
736	1.0
737	1.0
738	1.0
739	1.0
740	1.0
741	1.0
742	1.0
743	1.0
744	1.0
745	1.0
746	1.0
747	1.0
748	1.0
749	1.0
750	1.0
751	1.0
752	1.0
753	1.0
754	1.0
755	1.0
756	1.0
757	1.0
758	1.0
759	1.0
760	1.0
761	1.0
762	1.0
763	1.0
764	1.0
765	1.0
766	1.0
767	1.0
768	1.0
769	1.0
770	1.0
771	1.0
772	1.0
773	1.0
774	1.0
775	1.0
776	1.0
777	1.0
778	1.0
779	1.0
780	1.0
781	1.0
782	1.0
783	1.0
784	1.0
785	1.0
786	1.0
787	1.0
788	1.0
789	1.0
790	1.0
791	1.0
792	1.0
793	1.0
794	1.0
795	1.0
796	1.0
797	1.0
798	1.0
799	1.0
800	1.0
801	1.0
802	1.0
803	1.0
804	1.0
805	1.0
806	1.0
807	1.0
808	1.0
809	1.0
810	1.0
811	1.0
812	1.0
813	1.0
814	1.0
815	1.0
816	1.0
817	1.0
818	1.0
819	1.0
820	1.0
821	1.0
822	1.0
823	1.0
824	1.0
825	1.0
826	1.0
827	1.0
828	1.0
829	1.0
830	1.0
831	1.0
832	1.0
833	1.0
834	1.0
835	1.0
836	1.0
837	1.0
838	1.0
839	1.0
840	1.0
841	1.0
842	1.0
843	1.0
844	1.0
845	1.0
846	1.0
847	1.0
848	1.0
849	1.0
850	1.0
851	1.0
852	1.0
853	1.0
854	1.0
855	1.0
856	1.0
857	1.0
858	1.0
859	1.0
860	1.0
861	1.0
862	1.0
863	1.0
864	1.0
865	1.0
866	1.0
867	1.0
868	1.0
869	1.0
870	1.0
871	1.0
872	1.0
873	1.0
874	1.0
875	1.0
876	1.0
877	1.0
878	1.0
879	1.0
880	1.0
881	1.0
882	1.0
883	1.0
884	1.0
885	1.0
886	1.0
887	1.0
888	1.0
889	1.0
890	1.0
891	1.0
892	1.0
893	1.0
894	1.0
895	1.0
896	1.0
897	1.0
898	1.0
899	1.0
900	1.0
901	1.0
902	1.0
903	1.0
904	1.0
905	1.0
906	1.0
907	1.0
908	1.0
909	1.0
910	1.0
911	1.0
912	1.0
913	1.0
914	1.0
915	1.0
916	1.0
917	1.0
918	1.0
919	1.0
920	1.0
921	1.0
922	1.0
923	1.0
924	1.0
925	0.9935064935064936
926	1.0
927	1.0
928	1.0
929	1.0
930	1.0
931	1.0
932	1.0
933	0.9935064935064936
934	1.0
935	1.0
936	1.0
937	1.0
938	1.0
939	1.0
940	1.0
941	1.0
942	1.0
943	1.0
944	1.0
945	1.0
946	1.0
947	1.0
948	1.0
949	1.0
950	1.0
951	1.0
952	1.0
953	1.0
954	1.0
955	1.0
956	1.0
957	1.0
958	1.0
959	1.0
960	1.0
961	1.0
962	1.0
963	1.0
964	1.0
965	1.0
966	1.0
967	1.0
968	1.0
969	1.0
970	1.0
971	1.0
972	1.0
973	1.0
974	1.0
975	1.0
976	1.0
977	1.0
978	1.0
979	1.0
980	1.0
981	1.0
982	1.0
983	1.0
984	1.0
985	1.0
986	1.0
987	1.0
988	1.0
989	1.0
990	1.0
991	1.0
992	1.0
993	1.0
994	1.0
995	1.0
996	1.0
997	1.0
998	1.0
999	1.0
1000	1.0
