1	0.056451612903225805
2	0.06854838709677419
3	0.07661290322580645
4	0.10483870967741936
5	0.1693548387096774
6	0.1975806451612903
7	0.25
8	0.2661290322580645
9	0.29435483870967744
10	0.29435483870967744
11	0.31451612903225806
12	0.3870967741935484
13	0.3588709677419355
14	0.39919354838709675
15	0.39919354838709675
16	0.4314516129032258
17	0.43951612903225806
18	0.4475806451612903
19	0.47580645161290325
20	0.5161290322580645
21	0.5
22	0.5040322580645161
23	0.5766129032258065
24	0.5201612903225806
25	0.5604838709677419
26	0.592741935483871
27	0.5443548387096774
28	0.592741935483871
29	0.6330645161290323
30	0.5967741935483871
31	0.5967741935483871
32	0.5806451612903226
33	0.6330645161290323
34	0.6532258064516129
35	0.6088709677419355
36	0.6370967741935484
37	0.6774193548387096
38	0.7096774193548387
39	0.6895161290322581
40	0.6895161290322581
41	0.7298387096774194
42	0.7661290322580645
43	0.75
44	0.7258064516129032
45	0.7661290322580645
46	0.7258064516129032
47	0.782258064516129
48	0.7379032258064516
49	0.7459677419354839
50	0.7701612903225806
51	0.7782258064516129
52	0.7620967741935484
53	0.7661290322580645
54	0.7620967741935484
55	0.782258064516129
56	0.7983870967741935
57	0.8548387096774194
58	0.842741935483871
59	0.8669354838709677
60	0.8629032258064516
61	0.8467741935483871
62	0.7983870967741935
63	0.8629032258064516
64	0.8145161290322581
65	0.7983870967741935
66	0.7862903225806451
67	0.8467741935483871
68	0.8709677419354839
69	0.7943548387096774
70	0.8629032258064516
71	0.8790322580645161
72	0.8790322580645161
73	0.8790322580645161
74	0.9112903225806451
75	0.9153225806451613
76	0.8991935483870968
77	0.907258064516129
78	0.8669354838709677
79	0.8669354838709677
80	0.8629032258064516
81	0.8669354838709677
82	0.9112903225806451
83	0.8548387096774194
84	0.875
85	0.9153225806451613
86	0.9032258064516129
87	0.9032258064516129
88	0.9274193548387096
89	0.9153225806451613
90	0.9395161290322581
91	0.9112903225806451
92	0.9354838709677419
93	0.9274193548387096
94	0.9354838709677419
95	0.9354838709677419
96	0.9395161290322581
97	0.9274193548387096
98	0.9153225806451613
99	0.9354838709677419
100	0.9112903225806451
101	0.9032258064516129
102	0.9112903225806451
103	0.9032258064516129
104	0.907258064516129
105	0.9193548387096774
106	0.9274193548387096
107	0.9516129032258065
108	0.9395161290322581
109	0.9435483870967742
110	0.9233870967741935
111	0.9314516129032258
112	0.967741935483871
113	0.9153225806451613
114	0.9112903225806451
115	0.9354838709677419
116	0.9112903225806451
117	0.9233870967741935
118	0.9596774193548387
119	0.9193548387096774
120	0.9314516129032258
121	0.9233870967741935
122	0.9435483870967742
123	0.9112903225806451
124	0.9274193548387096
125	0.9354838709677419
126	0.9354838709677419
127	0.9395161290322581
128	0.9475806451612904
129	0.9475806451612904
130	0.9233870967741935
131	0.9596774193548387
132	0.9395161290322581
133	0.9274193548387096
134	0.9596774193548387
135	0.9274193548387096
136	0.9637096774193549
137	0.9395161290322581
138	0.9354838709677419
139	0.9475806451612904
140	0.9435483870967742
141	0.9395161290322581
142	0.907258064516129
143	0.9314516129032258
144	0.9354838709677419
145	0.9395161290322581
146	0.9354838709677419
147	0.9516129032258065
148	0.9596774193548387
149	0.9354838709677419
150	0.9314516129032258
151	0.9435483870967742
152	0.9274193548387096
153	0.9475806451612904
154	0.9637096774193549
155	0.9314516129032258
156	0.9475806451612904
157	0.967741935483871
158	0.9435483870967742
159	0.9516129032258065
160	0.9435483870967742
161	0.9395161290322581
162	0.9233870967741935
163	0.9556451612903226
164	0.9395161290322581
165	0.9395161290322581
166	0.9516129032258065
167	0.9395161290322581
168	0.9596774193548387
169	0.9395161290322581
170	0.9596774193548387
171	0.9354838709677419
172	0.9274193548387096
173	0.9435483870967742
174	0.9354838709677419
175	0.9233870967741935
176	0.9233870967741935
177	0.9233870967741935
178	0.9637096774193549
179	0.9516129032258065
180	0.967741935483871
181	0.9596774193548387
182	0.9354838709677419
183	0.9233870967741935
184	0.9475806451612904
185	0.9516129032258065
186	0.9717741935483871
187	0.9596774193548387
188	0.9758064516129032
189	0.9637096774193549
190	0.9798387096774194
191	0.9435483870967742
192	0.9717741935483871
193	0.967741935483871
194	0.9838709677419355
195	0.9516129032258065
196	0.9717741935483871
197	0.967741935483871
198	0.9798387096774194
199	0.9758064516129032
200	0.9717741935483871
201	0.9637096774193549
202	0.9637096774193549
203	0.9717741935483871
204	0.9919354838709677
205	0.9879032258064516
206	0.9879032258064516
207	0.9838709677419355
208	0.9717741935483871
209	0.967741935483871
210	0.9959677419354839
211	0.9879032258064516
212	0.9959677419354839
213	0.9838709677419355
214	0.9758064516129032
215	0.9919354838709677
216	0.9838709677419355
217	0.9879032258064516
218	0.9838709677419355
219	0.9919354838709677
220	0.9838709677419355
221	0.9879032258064516
222	0.967741935483871
223	0.9798387096774194
224	0.9758064516129032
225	0.9838709677419355
226	0.9879032258064516
227	0.9798387096774194
228	0.9798387096774194
229	0.9879032258064516
230	0.9959677419354839
231	0.9758064516129032
232	0.9919354838709677
233	0.9919354838709677
234	0.9758064516129032
235	0.9879032258064516
236	0.9919354838709677
237	0.9879032258064516
238	0.9959677419354839
239	1.0
240	0.9959677419354839
241	0.9959677419354839
242	0.9959677419354839
243	0.9879032258064516
244	0.9919354838709677
245	0.9879032258064516
246	0.9879032258064516
247	0.9838709677419355
248	0.9798387096774194
249	0.9919354838709677
250	0.9959677419354839
251	1.0
252	1.0
253	0.9959677419354839
254	1.0
255	0.9959677419354839
256	0.9959677419354839
257	0.9919354838709677
258	0.9919354838709677
259	0.9879032258064516
260	0.9879032258064516
261	0.9919354838709677
262	0.9919354838709677
263	0.9959677419354839
264	0.9919354838709677
265	0.9959677419354839
266	1.0
267	1.0
268	0.9959677419354839
269	0.9919354838709677
270	0.9959677419354839
271	0.9959677419354839
272	0.9879032258064516
273	1.0
274	1.0
275	0.9959677419354839
276	0.9838709677419355
277	0.9959677419354839
278	0.9919354838709677
279	0.9919354838709677
280	0.9879032258064516
281	0.9959677419354839
282	0.9959677419354839
283	0.9959677419354839
284	0.9959677419354839
285	1.0
286	0.9959677419354839
287	0.9959677419354839
288	1.0
289	0.9959677419354839
290	0.9879032258064516
291	0.9959677419354839
292	0.9959677419354839
293	1.0
294	1.0
295	1.0
296	1.0
297	1.0
298	0.9959677419354839
299	1.0
300	0.9959677419354839
301	1.0
302	1.0
303	1.0
304	0.9959677419354839
305	1.0
306	0.9838709677419355
307	1.0
308	0.9959677419354839
309	1.0
310	1.0
311	1.0
312	1.0
313	1.0
314	0.9959677419354839
315	0.9919354838709677
316	1.0
317	1.0
318	0.9959677419354839
319	1.0
320	0.9959677419354839
321	1.0
322	0.9959677419354839
323	0.9959677419354839
324	0.9959677419354839
325	0.9959677419354839
326	1.0
327	1.0
328	1.0
329	0.9959677419354839
330	1.0
331	1.0
332	1.0
333	1.0
334	1.0
335	1.0
336	0.9919354838709677
337	1.0
338	0.9959677419354839
339	1.0
340	1.0
341	1.0
342	1.0
343	1.0
344	1.0
345	1.0
346	1.0
347	1.0
348	0.9959677419354839
349	1.0
350	1.0
351	1.0
352	1.0
353	1.0
354	1.0
355	0.9959677419354839
356	1.0
357	1.0
358	1.0
359	0.9959677419354839
360	1.0
361	1.0
362	1.0
363	1.0
364	0.9959677419354839
365	0.9919354838709677
366	0.9919354838709677
367	0.9919354838709677
368	1.0
369	1.0
370	1.0
371	1.0
372	0.9959677419354839
373	1.0
374	0.9959677419354839
375	1.0
376	1.0
377	1.0
378	1.0
379	1.0
380	1.0
381	1.0
382	1.0
383	1.0
384	1.0
385	1.0
386	0.9959677419354839
387	0.9959677419354839
388	1.0
389	1.0
390	1.0
391	1.0
392	1.0
393	0.9959677419354839
394	1.0
395	1.0
396	0.9959677419354839
397	1.0
398	0.9959677419354839
399	0.9959677419354839
400	1.0
401	0.9959677419354839
402	0.9959677419354839
403	1.0
404	0.9959677419354839
405	1.0
406	0.9959677419354839
407	1.0
408	1.0
409	0.9959677419354839
410	1.0
411	1.0
412	1.0
413	1.0
414	1.0
415	1.0
416	1.0
417	1.0
418	1.0
419	1.0
420	1.0
421	0.9959677419354839
422	0.9959677419354839
423	1.0
424	1.0
425	1.0
426	1.0
427	0.9919354838709677
428	0.9919354838709677
429	1.0
430	1.0
431	0.9959677419354839
432	1.0
433	1.0
434	1.0
435	1.0
436	1.0
437	0.9959677419354839
438	1.0
439	1.0
440	1.0
441	1.0
442	1.0
443	0.9959677419354839
444	0.9959677419354839
445	1.0
446	0.9959677419354839
447	1.0
448	1.0
449	0.9959677419354839
450	1.0
451	1.0
452	1.0
453	1.0
454	1.0
455	1.0
456	1.0
457	1.0
458	0.9919354838709677
459	1.0
460	1.0
461	0.9959677419354839
462	1.0
463	0.9959677419354839
464	1.0
465	1.0
466	1.0
467	0.9959677419354839
468	1.0
469	0.9959677419354839
470	1.0
471	0.9919354838709677
472	1.0
473	1.0
474	0.9959677419354839
475	1.0
476	1.0
477	1.0
478	0.9959677419354839
479	1.0
480	0.9919354838709677
481	0.9959677419354839
482	1.0
483	1.0
484	1.0
485	1.0
486	0.9959677419354839
487	1.0
488	1.0
489	0.9959677419354839
490	1.0
491	1.0
492	0.9959677419354839
493	0.9919354838709677
494	0.9959677419354839
495	1.0
496	1.0
497	0.9919354838709677
498	0.9959677419354839
499	0.9959677419354839
500	1.0
